Subframe: 1
WPS: 1024
Timestamp: 05/28/1999 12:00:00
Data(Oct):
0001: 1107 0000 0000 0000 0000 0000 0000 0000 0000 0000 
0011: 0000 0000 0000 0000 0000 0000 0000 0000 0000 0000 
0021: 0000 0000 0000 0000 0000 0000 0000 0000 0000 0000 
0031: 0000 0000 0000 0000 0000 0000 0000 0000 0000 0000 
0041: 0000 0000 0000 0000 0000 0000 0000 0000 0000 0000 
0051: 0000 0000 0000 0000 0000 0000 0000 0000 0000 0000 
0061: 0000 0000 0000 0000 0000 0000 0000 0000 0000 0000 
0071: 0000 0000 0000 0000 0000 0000 0000 0000 0000 0000 
0081: 0000 0000 0000 0000 0000 0000 0000 0000 0000 0000 
0091: 0000 0000 0000 0000 0000 0000 0000 0000 0000 0000 
0101: 0000 0000 0000 0000 0000 0000 0000 0000 0000 0000 
0111: 0000 0000 0000 0000 0000 0000 0000 0000 0000 0000 
0121: 0000 0000 0000 0000 0000 0000 0000 0000 0000 0000 
0131: 0000 0000 0000 0000 0000 0000 0000 0000 0000 0000 
0141: 0000 0000 0000 0000 0000 0000 0000 0000 0000 0000 
0151: 0000 0000 0000 0000 0000 0000 0000 0000 0000 0000 
0161: 0000 0000 0000 0000 0000 0000 0000 0000 0000 0000 
0171: 0000 0000 0000 0000 0000 0000 0000 0000 0000 0000 
0181: 0000 0000 0000 0000 0000 0000 0000 0000 0000 0000 
0191: 0000 0000 0000 0000 0000 0000 0000 0000 0000 0000 
0201: 0000 0000 0000 0000 0000 0000 0000 0000 0000 0000 
0211: 0000 0000 0000 0000 0000 0000 0000 0000 0000 0000 
0221: 0000 0000 0000 0000 0000 0000 0000 0000 0000 0000 
0231: 0000 0000 0000 0000 0000 0000 0000 0000 0000 0000 
0241: 0000 0000 0000 0000 0000 0000 0000 0000 0000 0000 
0251: 0000 0000 0000 0000 0000 0000 0000 0000 0000 0000 
0261: 0000 0000 0000 0000 0000 0000 0000 0000 0000 0000 
0271: 0000 0000 0000 0000 0000 0000 0000 0000 0000 0000 
0281: 0000 0000 0000 0000 0000 0000 0000 0000 0000 0000 
0291: 0000 0000 0000 0000 0000 0000 0000 0000 0000 0000 
0301: 0000 0000 0000 0000 0000 0000 0000 0000 0000 0000 
0311: 0000 0000 0000 0000 0000 0000 0000 0000 0000 0000 
0321: 0000 0000 0000 0000 0000 0000 0000 0000 0000 0000 
0331: 0000 0000 0000 0000 0000 0000 0000 0000 0000 0000 
0341: 0000 0000 0000 0000 0000 0000 0000 0000 0000 0000 
0351: 0000 0000 0000 0000 0000 0000 0000 0000 0000 0000 
0361: 0000 0000 0000 0000 0000 0000 0000 0000 0000 0000 
0371: 0000 0000 0000 0000 0000 0000 0000 0000 0000 0000 
0381: 0000 0000 0000 0000 0000 0000 0000 0000 0000 0000 
0391: 0000 0000 0000 0000 0000 0000 0000 0000 0000 0000 
0401: 0000 0000 0000 0000 0000 0000 0000 0000 0000 0000 
0411: 0000 0000 0000 0000 0000 0000 0000 0000 0000 0000 
0421: 0000 0000 0000 0000 0000 0000 0000 0000 0000 0000 
0431: 0000 0000 0000 0000 0000 0000 0000 0000 0000 0000 
0441: 0000 0000 0000 0000 0000 0000 0000 0000 0000 0000 
0451: 0000 0000 0000 0000 0000 0000 0000 0000 0000 0000 
0461: 0000 0000 0000 0000 0000 0000 0000 0000 0000 0000 
0471: 0000 0000 0000 0000 0000 0000 0000 0000 0000 0000 
0481: 0000 0000 0000 0000 0000 0000 0000 0000 0000 0000 
0491: 0000 0000 0000 0000 0000 0000 0000 0000 0000 0000 
0501: 0000 0000 0000 0000 0000 0000 0000 0000 0000 0000 
0511: 0000 0000 0000 0000 0000 0000 0000 0000 0000 0000 
0521: 0000 0000 0000 0000 0000 0000 0000 0000 0000 0000 
0531: 0000 0000 0000 0000 0000 0000 0000 0000 0000 0000 
0541: 0000 0000 0000 0000 0000 0000 0000 0000 0000 0000 
0551: 0000 0000 0000 0000 0000 0000 0000 0000 0000 0000 
0561: 0000 0000 0000 0000 0000 0000 0000 0000 0000 0000 
0571: 0000 0000 0000 0000 0000 0000 0000 0000 0000 0000 
0581: 0000 0000 0000 0000 0000 0000 0000 0000 0000 0000 
0591: 0000 0000 0000 0000 0000 0000 0000 0000 0000 0000 
0601: 0000 0000 0000 0000 0000 0000 0000 0000 0000 0000 
0611: 0000 0000 0000 0000 0000 0000 0000 0000 0000 0000 
0621: 0000 0000 0000 0000 0000 0000 0000 0000 0000 0000 
0631: 0000 0000 0000 0000 0000 0000 0000 0000 0000 0000 
0641: 0000 0000 0000 0000 0000 0000 0000 0000 0000 0000 
0651: 0000 0000 0000 0000 0000 0000 0000 0000 0000 0000 
0661: 0000 0000 0000 0000 0000 0000 0000 0000 0000 0000 
0671: 0000 0000 0000 0000 0000 0000 0000 0000 0000 0000 
0681: 0000 0000 0000 0000 0000 0000 0000 0000 0000 0000 
0691: 0000 0000 0000 0000 0000 0000 0000 0000 0000 0000 
0701: 0000 0000 0000 0000 0000 0000 0000 0000 0000 0000 
0711: 0000 0000 0000 0000 0000 0000 0000 0000 0000 0000 
0721: 0000 0000 0000 0000 0000 0000 0000 0000 0000 0000 
0731: 0000 0000 0000 0000 0000 0000 0000 0000 0000 0000 
0741: 0000 0000 0000 0000 0000 0000 0000 0000 0000 0000 
0751: 0000 0000 0000 0000 0000 0000 0000 0000 0000 0000 
0761: 0000 0000 0000 0000 0000 0000 0000 0000 0000 0000 
0771: 0000 0000 0000 0000 0000 0000 0000 0000 0000 0000 
0781: 0000 0000 0000 0000 0000 0000 0000 0000 0000 0000 
0791: 0000 0000 0000 0000 0000 0000 0000 0000 0000 0000 
0801: 0000 0000 0000 0000 0000 0000 0000 0000 0000 0000 
0811: 0000 0000 0000 0000 0000 0000 0000 0000 0000 0000 
0821: 0000 0000 0000 0000 0000 0000 0000 0000 0000 0000 
0831: 0000 0000 0000 0000 0000 0000 0000 0000 0000 0000 
0841: 0000 0000 0000 0000 0000 0000 0000 0000 0000 0000 
0851: 0000 0000 0000 0000 0000 0000 0000 0000 0000 0000 
0861: 0000 0000 0000 0000 0000 0000 0000 0000 0000 0000 
0871: 0000 0000 0000 0000 0000 0000 0000 0000 0000 0000 
0881: 0000 0000 0000 0000 0000 0000 0000 0000 0000 0000 
0891: 0000 0000 0000 0000 0000 0000 0000 0000 0000 0000 
0901: 0000 0000 0000 0000 0000 0000 0000 0000 0000 0000 
0911: 0000 0000 0000 0000 0000 0000 0000 0000 0000 0000 
0921: 0000 0000 0000 0000 0000 0000 0000 0000 0000 0000 
0931: 0000 0000 0000 0000 0000 0000 0000 0000 0000 0000 
0941: 0000 0000 0000 0000 0000 0000 0000 0000 0000 0000 
0951: 0000 0000 0000 0000 0000 0000 0000 0000 0000 0000 
0961: 0000 0000 0000 0000 0000 0000 0000 0000 0000 0000 
0971: 0000 0000 0000 0000 0000 0000 0000 0000 0000 0000 
0981: 0000 0000 0000 0000 0000 0000 0000 0000 0000 0000 
0991: 0000 0000 0000 0000 0000 0000 0000 0000 0000 0000 
1001: 0000 0000 0000 0000 0000 0000 0000 0000 0000 0000 
1011: 0000 0000 0000 0000 0000 0000 0000 0000 0000 0000 
1021: 0000 0000 0000 0000

Subframe: 2
WPS: 1024
Timestamp: 05/28/1999 12:00:01
Data(Oct):
0001: 2670 0000 0000 0000 0000 0000 0000 0000 0000 0000 
0011: 0000 0000 0000 0000 0000 0000 0000 0000 0000 0000 
0021: 0000 0000 0000 0000 0000 0000 0000 0000 0000 0000 
0031: 0000 0000 0000 0000 0000 0000 0000 0000 0000 0000 
0041: 0000 0000 0000 0000 0000 0000 0000 0000 0000 0000 
0051: 0000 0000 0000 0000 0000 0000 0000 0000 0000 0000 
0061: 0000 0000 0000 0000 0000 0000 0000 0000 0000 0000 
0071: 0000 0000 0000 0000 0000 0000 0000 0000 0000 0000 
0081: 0000 0000 0000 0000 0000 0000 0000 0000 0000 0000 
0091: 0000 0000 0000 0000 0000 0000 0000 0000 0000 0000 
0101: 0000 0000 0000 0000 0000 0000 0000 0000 0000 0000 
0111: 0000 0000 0000 0000 0000 0000 0000 0000 0000 0000 
0121: 0000 0000 0000 0000 0000 0000 0000 0000 0000 0000 
0131: 0000 0000 0000 0000 0000 0000 0000 0000 0000 0000 
0141: 0000 0000 0000 0000 0000 0000 0000 0000 0000 0000 
0151: 0000 0000 0000 0000 0000 0000 0000 0000 0000 0000 
0161: 0000 0000 0000 0000 0000 0000 0000 0000 0000 0000 
0171: 0000 0000 0000 0000 0000 0000 0000 0000 0000 0000 
0181: 0000 0000 0000 0000 0000 0000 0000 0000 0000 0000 
0191: 0000 0000 0000 0000 0000 0000 0000 0000 0000 0000 
0201: 0000 0000 0000 0000 0000 0000 0000 0000 0000 0000 
0211: 0000 0000 0000 0000 0000 0000 0000 0000 0000 0000 
0221: 0000 0000 0000 0000 0000 0000 0000 0000 0000 0000 
0231: 0000 0000 0000 0000 0000 0000 0000 0000 0000 0000 
0241: 0000 0000 0000 0000 0000 0000 0000 0000 0000 0000 
0251: 0000 0000 0000 0000 0000 0000 0000 0000 0000 0000 
0261: 0000 0000 0000 0000 0000 0000 0000 0000 0000 0000 
0271: 0000 0000 0000 0000 0000 0000 0000 0000 0000 0000 
0281: 0000 0000 0000 0000 0000 0000 0000 0000 0000 0000 
0291: 0000 0000 0000 0000 0000 0000 0000 0000 0000 0000 
0301: 0000 0000 0000 0000 0000 0000 0000 0000 0000 0000 
0311: 0000 0000 0000 0000 0000 0000 0000 0000 0000 0000 
0321: 0000 0000 0000 0000 0000 0000 0000 0000 0000 0000 
0331: 0000 0000 0000 0000 0000 0000 0000 0000 0000 0000 
0341: 0000 0000 0000 0000 0000 0000 0000 0000 0000 0000 
0351: 0000 0000 0000 0000 0000 0000 0000 0000 0000 0000 
0361: 0000 0000 0000 0000 0000 0000 0000 0000 0000 0000 
0371: 0000 0000 0000 0000 0000 0000 0000 0000 0000 0000 
0381: 0000 0000 0000 0000 0000 0000 0000 0000 0000 0000 
0391: 0000 0000 0000 0000 0000 0000 0000 0000 0000 0000 
0401: 0000 0000 0000 0000 0000 0000 0000 0000 0000 0000 
0411: 0000 0000 0000 0000 0000 0000 0000 0000 0000 0000 
0421: 0000 0000 0000 0000 0000 0000 0000 0000 0000 0000 
0431: 0000 0000 0000 0000 0000 0000 0000 0000 0000 0000 
0441: 0000 0000 0000 0000 0000 0000 0000 0000 0000 0000 
0451: 0000 0000 0000 0000 0000 0000 0000 0000 0000 0000 
0461: 0000 0000 0000 0000 0000 0000 0000 0000 0000 0000 
0471: 0000 0000 0000 0000 0000 0000 0000 0000 0000 0000 
0481: 0000 0000 0000 0000 0000 0000 0000 0000 0000 0000 
0491: 0000 0000 0000 0000 0000 0000 0000 0000 0000 0000 
0501: 0000 0000 0000 0000 0000 0000 0000 0000 0000 0000 
0511: 0000 0000 0000 0000 0000 0000 0000 0000 0000 0000 
0521: 0000 0000 0000 0000 0000 0000 0000 0000 0000 0000 
0531: 0000 0000 0000 0000 0000 0000 0000 0000 0000 0000 
0541: 0000 0000 0000 0000 0000 0000 0000 0000 0000 0000 
0551: 0000 0000 0000 0000 0000 0000 0000 0000 0000 0000 
0561: 0000 0000 0000 0000 0000 0000 0000 0000 0000 0000 
0571: 0000 0000 0000 0000 0000 0000 0000 0000 0000 0000 
0581: 0000 0000 0000 0000 0000 0000 0000 0000 0000 0000 
0591: 0000 0000 0000 0000 0000 0000 0000 0000 0000 0000 
0601: 0000 0000 0000 0000 0000 0000 0000 0000 0000 0000 
0611: 0000 0000 0000 0000 0000 0000 0000 0000 0000 0000 
0621: 0000 0000 0000 0000 0000 0000 0000 0000 0000 0000 
0631: 0000 0000 0000 0000 0000 0000 0000 0000 0000 0000 
0641: 0000 0000 0000 0000 0000 0000 0000 0000 0000 0000 
0651: 0000 0000 0000 0000 0000 0000 0000 0000 0000 0000 
0661: 0000 0000 0000 0000 0000 0000 0000 0000 0000 0000 
0671: 0000 0000 0000 0000 0000 0000 0000 0000 0000 0000 
0681: 0000 0000 0000 0000 0000 0000 0000 0000 0000 0000 
0691: 0000 0000 0000 0000 0000 0000 0000 0000 0000 0000 
0701: 0000 0000 0000 0000 0000 0000 0000 0000 0000 0000 
0711: 0000 0000 0000 0000 0000 0000 0000 0000 0000 0000 
0721: 0000 0000 0000 0000 0000 0000 0000 0000 0000 0000 
0731: 0000 0000 0000 0000 0000 0000 0000 0000 0000 0000 
0741: 0000 0000 0000 0000 0000 0000 0000 0000 0000 0000 
0751: 0000 0000 0000 0000 0000 0000 0000 0000 0000 0000 
0761: 0000 0000 0000 0000 0000 0000 0000 0000 0000 0000 
0771: 0000 0000 0000 0000 0000 0000 0000 0000 0000 0000 
0781: 0000 0000 0000 0000 0000 0000 0000 0000 0000 0000 
0791: 0000 0000 0000 0000 0000 0000 0000 0000 0000 0000 
0801: 0000 0000 0000 0000 0000 0000 0000 0000 0000 0000 
0811: 0000 0000 0000 0000 0000 0000 0000 0000 0000 0000 
0821: 0000 0000 0000 0000 0000 0000 0000 0000 0000 0000 
0831: 0000 0000 0000 0000 0000 0000 0000 0000 0000 0000 
0841: 0000 0000 0000 0000 0000 0000 0000 0000 0000 0000 
0851: 0000 0000 0000 0000 0000 0000 0000 0000 0000 0000 
0861: 0000 0000 0000 0000 0000 0000 0000 0000 0000 0000 
0871: 0000 0000 0000 0000 0000 0000 0000 0000 0000 0000 
0881: 0000 0000 0000 0000 0000 0000 0000 0000 0000 0000 
0891: 0000 0000 0000 0000 0000 0000 0000 0000 0000 0000 
0901: 0000 0000 0000 0000 0000 0000 0000 0000 0000 0000 
0911: 0000 0000 0000 0000 0000 0000 0000 0000 0000 0000 
0921: 0000 0000 0000 0000 0000 0000 0000 0000 0000 0000 
0931: 0000 0000 0000 0000 0000 0000 0000 0000 0000 0000 
0941: 0000 0000 0000 0000 0000 0000 0000 0000 0000 0000 
0951: 0000 0000 0000 0000 0000 0000 0000 0000 0000 0000 
0961: 0000 0000 0000 0000 0000 0000 0000 0000 0000 0000 
0971: 0000 0000 0000 0000 0000 0000 0000 0000 0000 0000 
0981: 0000 0000 0000 0000 0000 0000 0000 0000 0000 0000 
0991: 0000 0000 0000 0000 0000 0000 0000 0000 0000 0000 
1001: 0000 0000 0000 0000 0000 0000 0000 0000 0000 0000 
1011: 0000 0000 0000 0000 0000 0000 0000 0000 0000 0000 
1021: 0000 0000 0000 0000 

Subframe: 3
WPS: 1024
Timestamp: 05/28/1999 12:00:02
Data(Oct):
0001: 5107 0000 0000 0000 0000 0000 0000 0000 0000 0000 
0011: 0000 0000 0000 0000 0000 0000 0000 0000 0000 0000 
0021: 0000 0000 0000 0000 0000 0000 0000 0000 0000 0000 
0031: 0000 0000 0000 0000 0000 0000 0000 0000 0000 0000 
0041: 0000 0000 0000 0000 0000 0000 0000 0000 0000 0000 
0051: 0000 0000 0000 0000 0000 0000 0000 0000 0000 0000 
0061: 0000 0000 0000 0000 0000 0000 0000 0000 0000 0000 
0071: 0000 0000 0000 0000 0000 0000 0000 0000 0000 0000 
0081: 0000 0000 0000 0000 0000 0000 0000 0000 0000 0000 
0091: 0000 0000 0000 0000 0000 0000 0000 0000 0000 0000 
0101: 0000 0000 0000 0000 0000 0000 0000 0000 0000 0000 
0111: 0000 0000 0000 0000 0000 0000 0000 0000 0000 0000 
0121: 0000 0000 0000 0000 0000 0000 0000 0000 0000 0000 
0131: 0000 0000 0000 0000 0000 0000 0000 0000 0000 0000 
0141: 0000 0000 0000 0000 0000 0000 0000 0000 0000 0000 
0151: 0000 0000 0000 0000 0000 0000 0000 0000 0000 0000 
0161: 0000 0000 0000 0000 0000 0000 0000 0000 0000 0000 
0171: 0000 0000 0000 0000 0000 0000 0000 0000 0000 0000 
0181: 0000 0000 0000 0000 0000 0000 0000 0000 0000 0000 
0191: 0000 0000 0000 0000 0000 0000 0000 0000 0000 0000 
0201: 0000 0000 0000 0000 0000 0000 0000 0000 0000 0000 
0211: 0000 0000 0000 0000 0000 0000 0000 0000 0000 0000 
0221: 0000 0000 0000 0000 0000 0000 0000 0000 0000 0000 
0231: 0000 0000 0000 0000 0000 0000 0000 0000 0000 0000 
0241: 0000 0000 0000 0000 0000 0000 0000 0000 0000 0000 
0251: 0000 0000 0000 0000 0000 0000 0000 0000 0000 0000 
0261: 0000 0000 0000 0000 0000 0000 0000 0000 0000 0000 
0271: 0000 0000 0000 0000 0000 0000 0000 0000 0000 0000 
0281: 0000 0000 0000 0000 0000 0000 0000 0000 0000 0000 
0291: 0000 0000 0000 0000 0000 0000 0000 0000 0000 0000 
0301: 0000 0000 0000 0000 0000 0000 0000 0000 0000 0000 
0311: 0000 0000 0000 0000 0000 0000 0000 0000 0000 0000 
0321: 0000 0000 0000 0000 0000 0000 0000 0000 0000 0000 
0331: 0000 0000 0000 0000 0000 0000 0000 0000 0000 0000 
0341: 0000 0000 0000 0000 0000 0000 0000 0000 0000 0000 
0351: 0000 0000 0000 0000 0000 0000 0000 0000 0000 0000 
0361: 0000 0000 0000 0000 0000 0000 0000 0000 0000 0000 
0371: 0000 0000 0000 0000 0000 0000 0000 0000 0000 0000 
0381: 0000 0000 0000 0000 0000 0000 0000 0000 0000 0000 
0391: 0000 0000 0000 0000 0000 0000 0000 0000 0000 0000 
0401: 0000 0000 0000 0000 0000 0000 0000 0000 0000 0000 
0411: 0000 0000 0000 0000 0000 0000 0000 0000 0000 0000 
0421: 0000 0000 0000 0000 0000 0000 0000 0000 0000 0000 
0431: 0000 0000 0000 0000 0000 0000 0000 0000 0000 0000 
0441: 0000 0000 0000 0000 0000 0000 0000 0000 0000 0000 
0451: 0000 0000 0000 0000 0000 0000 0000 0000 0000 0000 
0461: 0000 0000 0000 0000 0000 0000 0000 0000 0000 0000 
0471: 0000 0000 0000 0000 0000 0000 0000 0000 0000 0000 
0481: 0000 0000 0000 0000 0000 0000 0000 0000 0000 0000 
0491: 0000 0000 0000 0000 0000 0000 0000 0000 0000 0000 
0501: 0000 0000 0000 0000 0000 0000 0000 0000 0000 0000 
0511: 0000 0000 0000 0000 0000 0000 0000 0000 0000 0000 
0521: 0000 0000 0000 0000 0000 0000 0000 0000 0000 0000 
0531: 0000 0000 0000 0000 0000 0000 0000 0000 0000 0000 
0541: 0000 0000 0000 0000 0000 0000 0000 0000 0000 0000 
0551: 0000 0000 0000 0000 0000 0000 0000 0000 0000 0000 
0561: 0000 0000 0000 0000 0000 0000 0000 0000 0000 0000 
0571: 0000 0000 0000 0000 0000 0000 0000 0000 0000 0000 
0581: 0000 0000 0000 0000 0000 0000 0000 0000 0000 0000 
0591: 0000 0000 0000 0000 0000 0000 0000 0000 0000 0000 
0601: 0000 0000 0000 0000 0000 0000 0000 0000 0000 0000 
0611: 0000 0000 0000 0000 0000 0000 0000 0000 0000 0000 
0621: 0000 0000 0000 0000 0000 0000 0000 0000 0000 0000 
0631: 0000 0000 0000 0000 0000 0000 0000 0000 0000 0000 
0641: 0000 0000 0000 0000 0000 0000 0000 0000 0000 0000 
0651: 0000 0000 0000 0000 0000 0000 0000 0000 0000 0000 
0661: 0000 0000 0000 0000 0000 0000 0000 0000 0000 0000 
0671: 0000 0000 0000 0000 0000 0000 0000 0000 0000 0000 
0681: 0000 0000 0000 0000 0000 0000 0000 0000 0000 0000 
0691: 0000 0000 0000 0000 0000 0000 0000 0000 0000 0000 
0701: 0000 0000 0000 0000 0000 0000 0000 0000 0000 0000 
0711: 0000 0000 0000 0000 0000 0000 0000 0000 0000 0000 
0721: 0000 0000 0000 0000 0000 0000 0000 0000 0000 0000 
0731: 0000 0000 0000 0000 0000 0000 0000 0000 0000 0000 
0741: 0000 0000 0000 0000 0000 0000 0000 0000 0000 0000 
0751: 0000 0000 0000 0000 0000 0000 0000 0000 0000 0000 
0761: 0000 0000 0000 0000 0000 0000 0000 0000 0000 0000 
0771: 0000 0000 0000 0000 0000 0000 0000 0000 0000 0000 
0781: 0000 0000 0000 0000 0000 0000 0000 0000 0000 0000 
0791: 0000 0000 0000 0000 0000 0000 0000 0000 0000 0000 
0801: 0000 0000 0000 0000 0000 0000 0000 0000 0000 0000 
0811: 0000 0000 0000 0000 0000 0000 0000 0000 0000 0000 
0821: 0000 0000 0000 0000 0000 0000 0000 0000 0000 0000 
0831: 0000 0000 0000 0000 0000 0000 0000 0000 0000 0000 
0841: 0000 0000 0000 0000 0000 0000 0000 0000 0000 0000 
0851: 0000 0000 0000 0000 0000 0000 0000 0000 0000 0000 
0861: 0000 0000 0000 0000 0000 0000 0000 0000 0000 0000 
0871: 0000 0000 0000 0000 0000 0000 0000 0000 0000 0000 
0881: 0000 0000 0000 0000 0000 0000 0000 0000 0000 0000 
0891: 0000 0000 0000 0000 0000 0000 0000 0000 0000 0000 
0901: 0000 0000 0000 0000 0000 0000 0000 0000 0000 0000 
0911: 0000 0000 0000 0000 0000 0000 0000 0000 0000 0000 
0921: 0000 0000 0000 0000 0000 0000 0000 0000 0000 0000 
0931: 0000 0000 0000 0000 0000 0000 0000 0000 0000 0000 
0941: 0000 0000 0000 0000 0000 0000 0000 0000 0000 0000 
0951: 0000 0000 0000 0000 0000 0000 0000 0000 0000 0000 
0961: 0000 0000 0000 0000 0000 0000 0000 0000 0000 0000 
0971: 0000 0000 0000 0000 0000 0000 0000 0000 0000 0000 
0981: 0000 0000 0000 0000 0000 0000 0000 0000 0000 0000 
0991: 0000 0000 0000 0000 0000 0000 0000 0000 0000 0000 
1001: 0000 0000 0000 0000 0000 0000 0000 0000 0000 0000 
1011: 0000 0000 0000 0000 0000 0000 0000 0000 0000 0000 
1021: 0000 0000 0000 0000 

Subframe: 4
WPS: 1024
Timestamp: 05/28/1999 12:00:03
Data(Oct):
0001: 6670 0000 0000 0000 0000 0000 0000 0000 0000 0000 
0011: 0000 0000 0000 0000 0000 0000 0000 0000 0000 0000 
0021: 0000 0000 0000 0000 0000 0000 0000 0000 0000 0000 
0031: 0000 0000 0000 0000 0000 0000 0000 0000 0000 0000 
0041: 0000 0000 0000 0000 0000 0000 0000 0000 0000 0000 
0051: 0000 0000 0000 0000 0000 0000 0000 0000 0000 0000 
0061: 0000 0000 0000 0000 0000 0000 0000 0000 0000 0000 
0071: 0000 0000 0000 0000 0000 0000 0000 0000 0000 0000 
0081: 0000 0000 0000 0000 0000 0000 0000 0000 0000 0000 
0091: 0000 0000 0000 0000 0000 0000 0000 0000 0000 0000 
0101: 0000 0000 0000 0000 0000 0000 0000 0000 0000 0000 
0111: 0000 0000 0000 0000 0000 0000 0000 0000 0000 0000 
0121: 0000 0000 0000 0000 0000 0000 0000 0000 0000 0000 
0131: 0000 0000 0000 0000 0000 0000 0000 0000 0000 0000 
0141: 0000 0000 0000 0000 0000 0000 0000 0000 0000 0000 
0151: 0000 0000 0000 0000 0000 0000 0000 0000 0000 0000 
0161: 0000 0000 0000 0000 0000 0000 0000 0000 0000 0000 
0171: 0000 0000 0000 0000 0000 0000 0000 0000 0000 0000 
0181: 0000 0000 0000 0000 0000 0000 0000 0000 0000 0000 
0191: 0000 0000 0000 0000 0000 0000 0000 0000 0000 0000 
0201: 0000 0000 0000 0000 0000 0000 0000 0000 0000 0000 
0211: 0000 0000 0000 0000 0000 0000 0000 0000 0000 0000 
0221: 0000 0000 0000 0000 0000 0000 0000 0000 0000 0000 
0231: 0000 0000 0000 0000 0000 0000 0000 0000 0000 0000 
0241: 0000 0000 0000 0000 0000 0000 0000 0000 0000 0000 
0251: 0000 0000 0000 0000 0000 0000 0000 0000 0000 0000 
0261: 0000 0000 0000 0000 0000 0000 0000 0000 0000 0000 
0271: 0000 0000 0000 0000 0000 0000 0000 0000 0000 0000 
0281: 0000 0000 0000 0000 0000 0000 0000 0000 0000 0000 
0291: 0000 0000 0000 0000 0000 0000 0000 0000 0000 0000 
0301: 0000 0000 0000 0000 0000 0000 0000 0000 0000 0000 
0311: 0000 0000 0000 0000 0000 0000 0000 0000 0000 0000 
0321: 0000 0000 0000 0000 0000 0000 0000 0000 0000 0000 
0331: 0000 0000 0000 0000 0000 0000 0000 0000 0000 0000 
0341: 0000 0000 0000 0000 0000 0000 0000 0000 0000 0000 
0351: 0000 0000 0000 0000 0000 0000 0000 0000 0000 0000 
0361: 0000 0000 0000 0000 0000 0000 0000 0000 0000 0000 
0371: 0000 0000 0000 0000 0000 0000 0000 0000 0000 0000 
0381: 0000 0000 0000 0000 0000 0000 0000 0000 0000 0000 
0391: 0000 0000 0000 0000 0000 0000 0000 0000 0000 0000 
0401: 0000 0000 0000 0000 0000 0000 0000 0000 0000 0000 
0411: 0000 0000 0000 0000 0000 0000 0000 0000 0000 0000 
0421: 0000 0000 0000 0000 0000 0000 0000 0000 0000 0000 
0431: 0000 0000 0000 0000 0000 0000 0000 0000 0000 0000 
0441: 0000 0000 0000 0000 0000 0000 0000 0000 0000 0000 
0451: 0000 0000 0000 0000 0000 0000 0000 0000 0000 0000 
0461: 0000 0000 0000 0000 0000 0000 0000 0000 0000 0000 
0471: 0000 0000 0000 0000 0000 0000 0000 0000 0000 0000 
0481: 0000 0000 0000 0000 0000 0000 0000 0000 0000 0000 
0491: 0000 0000 0000 0000 0000 0000 0000 0000 0000 0000 
0501: 0000 0000 0000 0000 0000 0000 0000 0000 0000 0000 
0511: 0000 0000 0000 0000 0000 0000 0000 0000 0000 0000 
0521: 0000 0000 0000 0000 0000 0000 0000 0000 0000 0000 
0531: 0000 0000 0000 0000 0000 0000 0000 0000 0000 0000 
0541: 0000 0000 0000 0000 0000 0000 0000 0000 0000 0000 
0551: 0000 0000 0000 0000 0000 0000 0000 0000 0000 0000 
0561: 0000 0000 0000 0000 0000 0000 0000 0000 0000 0000 
0571: 0000 0000 0000 0000 0000 0000 0000 0000 0000 0000 
0581: 0000 0000 0000 0000 0000 0000 0000 0000 0000 0000 
0591: 0000 0000 0000 0000 0000 0000 0000 0000 0000 0000 
0601: 0000 0000 0000 0000 0000 0000 0000 0000 0000 0000 
0611: 0000 0000 0000 0000 0000 0000 0000 0000 0000 0000 
0621: 0000 0000 0000 0000 0000 0000 0000 0000 0000 0000 
0631: 0000 0000 0000 0000 0000 0000 0000 0000 0000 0000 
0641: 0000 0000 0000 0000 0000 0000 0000 0000 0000 0000 
0651: 0000 0000 0000 0000 0000 0000 0000 0000 0000 0000 
0661: 0000 0000 0000 0000 0000 0000 0000 0000 0000 0000 
0671: 0000 0000 0000 0000 0000 0000 0000 0000 0000 0000 
0681: 0000 0000 0000 0000 0000 0000 0000 0000 0000 0000 
0691: 0000 0000 0000 0000 0000 0000 0000 0000 0000 0000 
0701: 0000 0000 0000 0000 0000 0000 0000 0000 0000 0000 
0711: 0000 0000 0000 0000 0000 0000 0000 0000 0000 0000 
0721: 0000 0000 0000 0000 0000 0000 0000 0000 0000 0000 
0731: 0000 0000 0000 0000 0000 0000 0000 0000 0000 0000 
0741: 0000 0000 0000 0000 0000 0000 0000 0000 0000 0000 
0751: 0000 0000 0000 0000 0000 0000 0000 0000 0000 0000 
0761: 0000 0000 0000 0000 0000 0000 0000 0000 0000 0000 
0771: 0000 0000 0000 0000 0000 0000 0000 0000 0000 0000 
0781: 0000 0000 0000 0000 0000 0000 0000 0000 0000 0000 
0791: 0000 0000 0000 0000 0000 0000 0000 0000 0000 0000 
0801: 0000 0000 0000 0000 0000 0000 0000 0000 0000 0000 
0811: 0000 0000 0000 0000 0000 0000 0000 0000 0000 0000 
0821: 0000 0000 0000 0000 0000 0000 0000 0000 0000 0000 
0831: 0000 0000 0000 0000 0000 0000 0000 0000 0000 0000 
0841: 0000 0000 0000 0000 0000 0000 0000 0000 0000 0000 
0851: 0000 0000 0000 0000 0000 0000 0000 0000 0000 0000 
0861: 0000 0000 0000 0000 0000 0000 0000 0000 0000 0000 
0871: 0000 0000 0000 0000 0000 0000 0000 0000 0000 0000 
0881: 0000 0000 0000 0000 0000 0000 0000 0000 0000 0000 
0891: 0000 0000 0000 0000 0000 0000 0000 0000 0000 0000 
0901: 0000 0000 0000 0000 0000 0000 0000 0000 0000 0000 
0911: 0000 0000 0000 0000 0000 0000 0000 0000 0000 0000 
0921: 0000 0000 0000 0000 0000 0000 0000 0000 0000 0000 
0931: 0000 0000 0000 0000 0000 0000 0000 0000 0000 0000 
0941: 0000 0000 0000 0000 0000 0000 0000 0000 0000 0000 
0951: 0000 0000 0000 0000 0000 0000 0000 0000 0000 0000 
0961: 0000 0000 0000 0000 0000 0000 0000 0000 0000 0000 
0971: 0000 0000 0000 0000 0000 0000 0000 0000 0000 0000 
0981: 0000 0000 0000 0000 0000 0000 0000 0000 0000 0000 
0991: 0000 0000 0000 0000 0000 0000 0000 0000 0000 0000 
1001: 0000 0000 0000 0000 0000 0000 0000 0000 0000 0000 
1011: 0000 0000 0000 0000 0000 0000 0000 0000 0000 0000 
1021: 0000 0000 0000 0000 

Subframe: 1
WPS: 1024
Timestamp: 05/28/1999 12:00:04
Data(Oct):
0001: 1107 0000 0000 0000 0000 0000 0000 0000 0000 0000 
0011: 0000 0000 0000 0000 0000 0000 0000 0000 0000 0000 
0021: 0000 0000 0000 0000 0000 0000 0000 0000 0000 0000 
0031: 0000 0000 0000 0000 0000 0000 0000 0000 0000 0000 
0041: 0000 0000 0000 0000 0000 0000 0000 0000 0000 0000 
0051: 0000 0000 0000 0000 0000 0000 0000 0000 0000 0000 
0061: 0000 0000 0000 0000 0000 0000 0000 0000 0000 0000 
0071: 0000 0000 0000 0000 0000 0000 0000 0000 0000 0000 
0081: 0000 0000 0000 0000 0000 0000 0000 0000 0000 0000 
0091: 0000 0000 0000 0000 0000 0000 0000 0000 0000 0000 
0101: 0000 0000 0000 0000 0000 0000 0000 0000 0000 0000 
0111: 0000 0000 0000 0000 0000 0000 0000 0000 0000 0000 
0121: 0000 0000 0000 0000 0000 0000 0000 0000 0000 0000 
0131: 0000 0000 0000 0000 0000 0000 0000 0000 0000 0000 
0141: 0000 0000 0000 0000 0000 0000 0000 0000 0000 0000 
0151: 0000 0000 0000 0000 0000 0000 0000 0000 0000 0000 
0161: 0000 0000 0000 0000 0000 0000 0000 0000 0000 0000 
0171: 0000 0000 0000 0000 0000 0000 0000 0000 0000 0000 
0181: 0000 0000 0000 0000 0000 0000 0000 0000 0000 0000 
0191: 0000 0000 0000 0000 0000 0000 0000 0000 0000 0000 
0201: 0000 0000 0000 0000 0000 0000 0000 0000 0000 0000 
0211: 0000 0000 0000 0000 0000 0000 0000 0000 0000 0000 
0221: 0000 0000 0000 0000 0000 0000 0000 0000 0000 0000 
0231: 0000 0000 0000 0000 0000 0000 0000 0000 0000 0000 
0241: 0000 0000 0000 0000 0000 0000 0000 0000 0000 0000 
0251: 0000 0000 0000 0000 0000 0000 0000 0000 0000 0000 
0261: 0000 0000 0000 0000 0000 0000 0000 0000 0000 0000 
0271: 0000 0000 0000 0000 0000 0000 0000 0000 0000 0000 
0281: 0000 0000 0000 0000 0000 0000 0000 0000 0000 0000 
0291: 0000 0000 0000 0000 0000 0000 0000 0000 0000 0000 
0301: 0000 0000 0000 0000 0000 0000 0000 0000 0000 0000 
0311: 0000 0000 0000 0000 0000 0000 0000 0000 0000 0000 
0321: 0000 0000 0000 0000 0000 0000 0000 0000 0000 0000 
0331: 0000 0000 0000 0000 0000 0000 0000 0000 0000 0000 
0341: 0000 0000 0000 0000 0000 0000 0000 0000 0000 0000 
0351: 0000 0000 0000 0000 0000 0000 0000 0000 0000 0000 
0361: 0000 0000 0000 0000 0000 0000 0000 0000 0000 0000 
0371: 0000 0000 0000 0000 0000 0000 0000 0000 0000 0000 
0381: 0000 0000 0000 0000 0000 0000 0000 0000 0000 0000 
0391: 0000 0000 0000 0000 0000 0000 0000 0000 0000 0000 
0401: 0000 0000 0000 0000 0000 0000 0000 0000 0000 0000 
0411: 0000 0000 0000 0000 0000 0000 0000 0000 0000 0000 
0421: 0000 0000 0000 0000 0000 0000 0000 0000 0000 0000 
0431: 0000 0000 0000 0000 0000 0000 0000 0000 0000 0000 
0441: 0000 0000 0000 0000 0000 0000 0000 0000 0000 0000 
0451: 0000 0000 0000 0000 0000 0000 0000 0000 0000 0000 
0461: 0000 0000 0000 0000 0000 0000 0000 0000 0000 0000 
0471: 0000 0000 0000 0000 0000 0000 0000 0000 0000 0000 
0481: 0000 0000 0000 0000 0000 0000 0000 0000 0000 0000 
0491: 0000 0000 0000 0000 0000 0000 0000 0000 0000 0000 
0501: 0000 0000 0000 0000 0000 0000 0000 0000 0000 0000 
0511: 0000 0000 0000 0000 0000 0000 0000 0000 0000 0000 
0521: 0000 0000 0000 0000 0000 0000 0000 0000 0000 0000 
0531: 0000 0000 0000 0000 0000 0000 0000 0000 0000 0000 
0541: 0000 0000 0000 0000 0000 0000 0000 0000 0000 0000 
0551: 0000 0000 0000 0000 0000 0000 0000 0000 0000 0000 
0561: 0000 0000 0000 0000 0000 0000 0000 0000 0000 0000 
0571: 0000 0000 0000 0000 0000 0000 0000 0000 0000 0000 
0581: 0000 0000 0000 0000 0000 0000 0000 0000 0000 0000 
0591: 0000 0000 0000 0000 0000 0000 0000 0000 0000 0000 
0601: 0000 0000 0000 0000 0000 0000 0000 0000 0000 0000 
0611: 0000 0000 0000 0000 0000 0000 0000 0000 0000 0000 
0621: 0000 0000 0000 0000 0000 0000 0000 0000 0000 0000 
0631: 0000 0000 0000 0000 0000 0000 0000 0000 0000 0000 
0641: 0000 0000 0000 0000 0000 0000 0000 0000 0000 0000 
0651: 0000 0000 0000 0000 0000 0000 0000 0000 0000 0000 
0661: 0000 0000 0000 0000 0000 0000 0000 0000 0000 0000 
0671: 0000 0000 0000 0000 0000 0000 0000 0000 0000 0000 
0681: 0000 0000 0000 0000 0000 0000 0000 0000 0000 0000 
0691: 0000 0000 0000 0000 0000 0000 0000 0000 0000 0000 
0701: 0000 0000 0000 0000 0000 0000 0000 0000 0000 0000 
0711: 0000 0000 0000 0000 0000 0000 0000 0000 0000 0000 
0721: 0000 0000 0000 0000 0000 0000 0000 0000 0000 0000 
0731: 0000 0000 0000 0000 0000 0000 0000 0000 0000 0000 
0741: 0000 0000 0000 0000 0000 0000 0000 0000 0000 0000 
0751: 0000 0000 0000 0000 0000 0000 0000 0000 0000 0000 
0761: 0000 0000 0000 0000 0000 0000 0000 0000 0000 0000 
0771: 0000 0000 0000 0000 0000 0000 0000 0000 0000 0000 
0781: 0000 0000 0000 0000 0000 0000 0000 0000 0000 0000 
0791: 0000 0000 0000 0000 0000 0000 0000 0000 0000 0000 
0801: 0000 0000 0000 0000 0000 0000 0000 0000 0000 0000 
0811: 0000 0000 0000 0000 0000 0000 0000 0000 0000 0000 
0821: 0000 0000 0000 0000 0000 0000 0000 0000 0000 0000 
0831: 0000 0000 0000 0000 0000 0000 0000 0000 0000 0000 
0841: 0000 0000 0000 0000 0000 0000 0000 0000 0000 0000 
0851: 0000 0000 0000 0000 0000 0000 0000 0000 0000 0000 
0861: 0000 0000 0000 0000 0000 0000 0000 0000 0000 0000 
0871: 0000 0000 0000 0000 0000 0000 0000 0000 0000 0000 
0881: 0000 0000 0000 0000 0000 0000 0000 0000 0000 0000 
0891: 0000 0000 0000 0000 0000 0000 0000 0000 0000 0000 
0901: 0000 0000 0000 0000 0000 0000 0000 0000 0000 0000 
0911: 0000 0000 0000 0000 0000 0000 0000 0000 0000 0000 
0921: 0000 0000 0000 0000 0000 0000 0000 0000 0000 0000 
0931: 0000 0000 0000 0000 0000 0000 0000 0000 0000 0000 
0941: 0000 0000 0000 0000 0000 0000 0000 0000 0000 0000 
0951: 0000 0000 0000 0000 0000 0000 0000 0000 0000 0000 
0961: 0000 0000 0000 0000 0000 0000 0000 0000 0000 0000 
0971: 0000 0000 0000 0000 0000 0000 0000 0000 0000 0000 
0981: 0000 0000 0000 0000 0000 0000 0000 0000 0000 0000 
0991: 0000 0000 0000 0000 0000 0000 0000 0000 0000 0000 
1001: 0000 0000 0000 0000 0000 0000 0000 0000 0000 0000 
1011: 0000 0000 0000 0000 0000 0000 0000 0000 0000 0000 
1021: 0000 0000 0000 0000 

Subframe: 2
WPS: 1024
Timestamp: 05/28/1999 12:00:05
Data(Oct):
0001: 2670 0000 0000 0000 0000 0000 0000 0000 0000 0000 
0011: 0000 0000 0000 0000 0000 0000 0000 0000 0000 0000 
0021: 0000 0000 0000 0000 0000 0000 0000 0000 0000 0000 
0031: 0000 0000 0000 0000 0000 0000 0000 0000 0000 0000 
0041: 0000 0000 0000 0000 0000 0000 0000 0000 0000 0000 
0051: 0000 0000 0000 0000 0000 0000 0000 0000 0000 0000 
0061: 0000 0000 0000 0000 0000 0000 0000 0000 0000 0000 
0071: 0000 0000 0000 0000 0000 0000 0000 0000 0000 0000 
0081: 0000 0000 0000 0000 0000 0000 0000 0000 0000 0000 
0091: 0000 0000 0000 0000 0000 0000 0000 0000 0000 0000 
0101: 0000 0000 0000 0000 0000 0000 0000 0000 0000 0000 
0111: 0000 0000 0000 0000 0000 0000 0000 0000 0000 0000 
0121: 0000 0000 0000 0000 0000 0000 0000 0000 0000 0000 
0131: 0000 0000 0000 0000 0000 0000 0000 0000 0000 0000 
0141: 0000 0000 0000 0000 0000 0000 0000 0000 0000 0000 
0151: 0000 0000 0000 0000 0000 0000 0000 0000 0000 0000 
0161: 0000 0000 0000 0000 0000 0000 0000 0000 0000 0000 
0171: 0000 0000 0000 0000 0000 0000 0000 0000 0000 0000 
0181: 0000 0000 0000 0000 0000 0000 0000 0000 0000 0000 
0191: 0000 0000 0000 0000 0000 0000 0000 0000 0000 0000 
0201: 0000 0000 0000 0000 0000 0000 0000 0000 0000 0000 
0211: 0000 0000 0000 0000 0000 0000 0000 0000 0000 0000 
0221: 0000 0000 0000 0000 0000 0000 0000 0000 0000 0000 
0231: 0000 0000 0000 0000 0000 0000 0000 0000 0000 0000 
0241: 0000 0000 0000 0000 0000 0000 0000 0000 0000 0000 
0251: 0000 0000 0000 0000 0000 0000 0000 0000 0000 0000 
0261: 0000 0000 0000 0000 0000 0000 0000 0000 0000 0000 
0271: 0000 0000 0000 0000 0000 0000 0000 0000 0000 0000 
0281: 0000 0000 0000 0000 0000 0000 0000 0000 0000 0000 
0291: 0000 0000 0000 0000 0000 0000 0000 0000 0000 0000 
0301: 0000 0000 0000 0000 0000 0000 0000 0000 0000 0000 
0311: 0000 0000 0000 0000 0000 0000 0000 0000 0000 0000 
0321: 0000 0000 0000 0000 0000 0000 0000 0000 0000 0000 
0331: 0000 0000 0000 0000 0000 0000 0000 0000 0000 0000 
0341: 0000 0000 0000 0000 0000 0000 0000 0000 0000 0000 
0351: 0000 0000 0000 0000 0000 0000 0000 0000 0000 0000 
0361: 0000 0000 0000 0000 0000 0000 0000 0000 0000 0000 
0371: 0000 0000 0000 0000 0000 0000 0000 0000 0000 0000 
0381: 0000 0000 0000 0000 0000 0000 0000 0000 0000 0000 
0391: 0000 0000 0000 0000 0000 0000 0000 0000 0000 0000 
0401: 0000 0000 0000 0000 0000 0000 0000 0000 0000 0000 
0411: 0000 0000 0000 0000 0000 0000 0000 0000 0000 0000 
0421: 0000 0000 0000 0000 0000 0000 0000 0000 0000 0000 
0431: 0000 0000 0000 0000 0000 0000 0000 0000 0000 0000 
0441: 0000 0000 0000 0000 0000 0000 0000 0000 0000 0000 
0451: 0000 0000 0000 0000 0000 0000 0000 0000 0000 0000 
0461: 0000 0000 0000 0000 0000 0000 0000 0000 0000 0000 
0471: 0000 0000 0000 0000 0000 0000 0000 0000 0000 0000 
0481: 0000 0000 0000 0000 0000 0000 0000 0000 0000 0000 
0491: 0000 0000 0000 0000 0000 0000 0000 0000 0000 0000 
0501: 0000 0000 0000 0000 0000 0000 0000 0000 0000 0000 
0511: 0000 0000 0000 0000 0000 0000 0000 0000 0000 0000 
0521: 0000 0000 0000 0000 0000 0000 0000 0000 0000 0000 
0531: 0000 0000 0000 0000 0000 0000 0000 0000 0000 0000 
0541: 0000 0000 0000 0000 0000 0000 0000 0000 0000 0000 
0551: 0000 0000 0000 0000 0000 0000 0000 0000 0000 0000 
0561: 0000 0000 0000 0000 0000 0000 0000 0000 0000 0000 
0571: 0000 0000 0000 0000 0000 0000 0000 0000 0000 0000 
0581: 0000 0000 0000 0000 0000 0000 0000 0000 0000 0000 
0591: 0000 0000 0000 0000 0000 0000 0000 0000 0000 0000 
0601: 0000 0000 0000 0000 0000 0000 0000 0000 0000 0000 
0611: 0000 0000 0000 0000 0000 0000 0000 0000 0000 0000 
0621: 0000 0000 0000 0000 0000 0000 0000 0000 0000 0000 
0631: 0000 0000 0000 0000 0000 0000 0000 0000 0000 0000 
0641: 0000 0000 0000 0000 0000 0000 0000 0000 0000 0000 
0651: 0000 0000 0000 0000 0000 0000 0000 0000 0000 0000 
0661: 0000 0000 0000 0000 0000 0000 0000 0000 0000 0000 
0671: 0000 0000 0000 0000 0000 0000 0000 0000 0000 0000 
0681: 0000 0000 0000 0000 0000 0000 0000 0000 0000 0000 
0691: 0000 0000 0000 0000 0000 0000 0000 0000 0000 0000 
0701: 0000 0000 0000 0000 0000 0000 0000 0000 0000 0000 
0711: 0000 0000 0000 0000 0000 0000 0000 0000 0000 0000 
0721: 0000 0000 0000 0000 0000 0000 0000 0000 0000 0000 
0731: 0000 0000 0000 0000 0000 0000 0000 0000 0000 0000 
0741: 0000 0000 0000 0000 0000 0000 0000 0000 0000 0000 
0751: 0000 0000 0000 0000 0000 0000 0000 0000 0000 0000 
0761: 0000 0000 0000 0000 0000 0000 0000 0000 0000 0000 
0771: 0000 0000 0000 0000 0000 0000 0000 0000 0000 0000 
0781: 0000 0000 0000 0000 0000 0000 0000 0000 0000 0000 
0791: 0000 0000 0000 0000 0000 0000 0000 0000 0000 0000 
0801: 0000 0000 0000 0000 0000 0000 0000 0000 0000 0000 
0811: 0000 0000 0000 0000 0000 0000 0000 0000 0000 0000 
0821: 0000 0000 0000 0000 0000 0000 0000 0000 0000 0000 
0831: 0000 0000 0000 0000 0000 0000 0000 0000 0000 0000 
0841: 0000 0000 0000 0000 0000 0000 0000 0000 0000 0000 
0851: 0000 0000 0000 0000 0000 0000 0000 0000 0000 0000 
0861: 0000 0000 0000 0000 0000 0000 0000 0000 0000 0000 
0871: 0000 0000 0000 0000 0000 0000 0000 0000 0000 0000 
0881: 0000 0000 0000 0000 0000 0000 0000 0000 0000 0000 
0891: 0000 0000 0000 0000 0000 0000 0000 0000 0000 0000 
0901: 0000 0000 0000 0000 0000 0000 0000 0000 0000 0000 
0911: 0000 0000 0000 0000 0000 0000 0000 0000 0000 0000 
0921: 0000 0000 0000 0000 0000 0000 0000 0000 0000 0000 
0931: 0000 0000 0000 0000 0000 0000 0000 0000 0000 0000 
0941: 0000 0000 0000 0000 0000 0000 0000 0000 0000 0000 
0951: 0000 0000 0000 0000 0000 0000 0000 0000 0000 0000 
0961: 0000 0000 0000 0000 0000 0000 0000 0000 0000 0000 
0971: 0000 0000 0000 0000 0000 0000 0000 0000 0000 0000 
0981: 0000 0000 0000 0000 0000 0000 0000 0000 0000 0000 
0991: 0000 0000 0000 0000 0000 0000 0000 0000 0000 0000 
1001: 0000 0000 0000 0000 0000 0000 0000 0000 0000 0000 
1011: 0000 0000 0000 0000 0000 0000 0000 0000 0000 0000 
1021: 0000 0000 0000 0000 

Subframe: 3
WPS: 1024
Timestamp: 05/28/1999 12:00:06
Data(Oct):
0001: 5107 0000 0000 0000 0000 0000 0000 0000 0000 0000 
0011: 0000 0000 0000 0000 0000 0000 0000 0000 0000 0000 
0021: 0000 0000 0000 0000 0000 0000 0000 0000 0000 0000 
0031: 0000 0000 0000 0000 0000 0000 0000 0000 0000 0000 
0041: 0000 0000 0000 0000 0000 0000 0000 0000 0000 0000 
0051: 0000 0000 0000 0000 0000 0000 0000 0000 0000 0000 
0061: 0000 0000 0000 0000 0000 0000 0000 0000 0000 0000 
0071: 0000 0000 0000 0000 0000 0000 0000 0000 0000 0000 
0081: 0000 0000 0000 0000 0000 0000 0000 0000 0000 0000 
0091: 0000 0000 0000 0000 0000 0000 0000 0000 0000 0000 
0101: 0000 0000 0000 0000 0000 0000 0000 0000 0000 0000 
0111: 0000 0000 0000 0000 0000 0000 0000 0000 0000 0000 
0121: 0000 0000 0000 0000 0000 0000 0000 0000 0000 0000 
0131: 0000 0000 0000 0000 0000 0000 0000 0000 0000 0000 
0141: 0000 0000 0000 0000 0000 0000 0000 0000 0000 0000 
0151: 0000 0000 0000 0000 0000 0000 0000 0000 0000 0000 
0161: 0000 0000 0000 0000 0000 0000 0000 0000 0000 0000 
0171: 0000 0000 0000 0000 0000 0000 0000 0000 0000 0000 
0181: 0000 0000 0000 0000 0000 0000 0000 0000 0000 0000 
0191: 0000 0000 0000 0000 0000 0000 0000 0000 0000 0000 
0201: 0000 0000 0000 0000 0000 0000 0000 0000 0000 0000 
0211: 0000 0000 0000 0000 0000 0000 0000 0000 0000 0000 
0221: 0000 0000 0000 0000 0000 0000 0000 0000 0000 0000 
0231: 0000 0000 0000 0000 0000 0000 0000 0000 0000 0000 
0241: 0000 0000 0000 0000 0000 0000 0000 0000 0000 0000 
0251: 0000 0000 0000 0000 0000 0000 0000 0000 0000 0000 
0261: 0000 0000 0000 0000 0000 0000 0000 0000 0000 0000 
0271: 0000 0000 0000 0000 0000 0000 0000 0000 0000 0000 
0281: 0000 0000 0000 0000 0000 0000 0000 0000 0000 0000 
0291: 0000 0000 0000 0000 0000 0000 0000 0000 0000 0000 
0301: 0000 0000 0000 0000 0000 0000 0000 0000 0000 0000 
0311: 0000 0000 0000 0000 0000 0000 0000 0000 0000 0000 
0321: 0000 0000 0000 0000 0000 0000 0000 0000 0000 0000 
0331: 0000 0000 0000 0000 0000 0000 0000 0000 0000 0000 
0341: 0000 0000 0000 0000 0000 0000 0000 0000 0000 0000 
0351: 0000 0000 0000 0000 0000 0000 0000 0000 0000 0000 
0361: 0000 0000 0000 0000 0000 0000 0000 0000 0000 0000 
0371: 0000 0000 0000 0000 0000 0000 0000 0000 0000 0000 
0381: 0000 0000 0000 0000 0000 0000 0000 0000 0000 0000 
0391: 0000 0000 0000 0000 0000 0000 0000 0000 0000 0000 
0401: 0000 0000 0000 0000 0000 0000 0000 0000 0000 0000 
0411: 0000 0000 0000 0000 0000 0000 0000 0000 0000 0000 
0421: 0000 0000 0000 0000 0000 0000 0000 0000 0000 0000 
0431: 0000 0000 0000 0000 0000 0000 0000 0000 0000 0000 
0441: 0000 0000 0000 0000 0000 0000 0000 0000 0000 0000 
0451: 0000 0000 0000 0000 0000 0000 0000 0000 0000 0000 
0461: 0000 0000 0000 0000 0000 0000 0000 0000 0000 0000 
0471: 0000 0000 0000 0000 0000 0000 0000 0000 0000 0000 
0481: 0000 0000 0000 0000 0000 0000 0000 0000 0000 0000 
0491: 0000 0000 0000 0000 0000 0000 0000 0000 0000 0000 
0501: 0000 0000 0000 0000 0000 0000 0000 0000 0000 0000 
0511: 0000 0000 0000 0000 0000 0000 0000 0000 0000 0000 
0521: 0000 0000 0000 0000 0000 0000 0000 0000 0000 0000 
0531: 0000 0000 0000 0000 0000 0000 0000 0000 0000 0000 
0541: 0000 0000 0000 0000 0000 0000 0000 0000 0000 0000 
0551: 0000 0000 0000 0000 0000 0000 0000 0000 0000 0000 
0561: 0000 0000 0000 0000 0000 0000 0000 0000 0000 0000 
0571: 0000 0000 0000 0000 0000 0000 0000 0000 0000 0000 
0581: 0000 0000 0000 0000 0000 0000 0000 0000 0000 0000 
0591: 0000 0000 0000 0000 0000 0000 0000 0000 0000 0000 
0601: 0000 0000 0000 0000 0000 0000 0000 0000 0000 0000 
0611: 0000 0000 0000 0000 0000 0000 0000 0000 0000 0000 
0621: 0000 0000 0000 0000 0000 0000 0000 0000 0000 0000 
0631: 0000 0000 0000 0000 0000 0000 0000 0000 0000 0000 
0641: 0000 0000 0000 0000 0000 0000 0000 0000 0000 0000 
0651: 0000 0000 0000 0000 0000 0000 0000 0000 0000 0000 
0661: 0000 0000 0000 0000 0000 0000 0000 0000 0000 0000 
0671: 0000 0000 0000 0000 0000 0000 0000 0000 0000 0000 
0681: 0000 0000 0000 0000 0000 0000 0000 0000 0000 0000 
0691: 0000 0000 0000 0000 0000 0000 0000 0000 0000 0000 
0701: 0000 0000 0000 0000 0000 0000 0000 0000 0000 0000 
0711: 0000 0000 0000 0000 0000 0000 0000 0000 0000 0000 
0721: 0000 0000 0000 0000 0000 0000 0000 0000 0000 0000 
0731: 0000 0000 0000 0000 0000 0000 0000 0000 0000 0000 
0741: 0000 0000 0000 0000 0000 0000 0000 0000 0000 0000 
0751: 0000 0000 0000 0000 0000 0000 0000 0000 0000 0000 
0761: 0000 0000 0000 0000 0000 0000 0000 0000 0000 0000 
0771: 0000 0000 0000 0000 0000 0000 0000 0000 0000 0000 
0781: 0000 0000 0000 0000 0000 0000 0000 0000 0000 0000 
0791: 0000 0000 0000 0000 0000 0000 0000 0000 0000 0000 
0801: 0000 0000 0000 0000 0000 0000 0000 0000 0000 0000 
0811: 0000 0000 0000 0000 0000 0000 0000 0000 0000 0000 
0821: 0000 0000 0000 0000 0000 0000 0000 0000 0000 0000 
0831: 0000 0000 0000 0000 0000 0000 0000 0000 0000 0000 
0841: 0000 0000 0000 0000 0000 0000 0000 0000 0000 0000 
0851: 0000 0000 0000 0000 0000 0000 0000 0000 0000 0000 
0861: 0000 0000 0000 0000 0000 0000 0000 0000 0000 0000 
0871: 0000 0000 0000 0000 0000 0000 0000 0000 0000 0000 
0881: 0000 0000 0000 0000 0000 0000 0000 0000 0000 0000 
0891: 0000 0000 0000 0000 0000 0000 0000 0000 0000 0000 
0901: 0000 0000 0000 0000 0000 0000 0000 0000 0000 0000 
0911: 0000 0000 0000 0000 0000 0000 0000 0000 0000 0000 
0921: 0000 0000 0000 0000 0000 0000 0000 0000 0000 0000 
0931: 0000 0000 0000 0000 0000 0000 0000 0000 0000 0000 
0941: 0000 0000 0000 0000 0000 0000 0000 0000 0000 0000 
0951: 0000 0000 0000 0000 0000 0000 0000 0000 0000 0000 
0961: 0000 0000 0000 0000 0000 0000 0000 0000 0000 0000 
0971: 0000 0000 0000 0000 0000 0000 0000 0000 0000 0000 
0981: 0000 0000 0000 0000 0000 0000 0000 0000 0000 0000 
0991: 0000 0000 0000 0000 0000 0000 0000 0000 0000 0000 
1001: 0000 0000 0000 0000 0000 0000 0000 0000 0000 0000 
1011: 0000 0000 0000 0000 0000 0000 0000 0000 0000 0000 
1021: 0000 0000 0000 0000 

Subframe: 4
WPS: 1024
Timestamp: 05/28/1999 12:00:07
Data(Oct):
0001: 6670 0000 0000 0000 0000 0000 0000 0000 0000 0000 
0011: 0000 0000 0000 0000 0000 0000 0000 0000 0000 0000 
0021: 0000 0000 0000 0000 0000 0000 0000 0000 0000 0000 
0031: 0000 0000 0000 0000 0000 0000 0000 0000 0000 0000 
0041: 0000 0000 0000 0000 0000 0000 0000 0000 0000 0000 
0051: 0000 0000 0000 0000 0000 0000 0000 0000 0000 0000 
0061: 0000 0000 0000 0000 0000 0000 0000 0000 0000 0000 
0071: 0000 0000 0000 0000 0000 0000 0000 0000 0000 0000 
0081: 0000 0000 0000 0000 0000 0000 0000 0000 0000 0000 
0091: 0000 0000 0000 0000 0000 0000 0000 0000 0000 0000 
0101: 0000 0000 0000 0000 0000 0000 0000 0000 0000 0000 
0111: 0000 0000 0000 0000 0000 0000 0000 0000 0000 0000 
0121: 0000 0000 0000 0000 0000 0000 0000 0000 0000 0000 
0131: 0000 0000 0000 0000 0000 0000 0000 0000 0000 0000 
0141: 0000 0000 0000 0000 0000 0000 0000 0000 0000 0000 
0151: 0000 0000 0000 0000 0000 0000 0000 0000 0000 0000 
0161: 0000 0000 0000 0000 0000 0000 0000 0000 0000 0000 
0171: 0000 0000 0000 0000 0000 0000 0000 0000 0000 0000 
0181: 0000 0000 0000 0000 0000 0000 0000 0000 0000 0000 
0191: 0000 0000 0000 0000 0000 0000 0000 0000 0000 0000 
0201: 0000 0000 0000 0000 0000 0000 0000 0000 0000 0000 
0211: 0000 0000 0000 0000 0000 0000 0000 0000 0000 0000 
0221: 0000 0000 0000 0000 0000 0000 0000 0000 0000 0000 
0231: 0000 0000 0000 0000 0000 0000 0000 0000 0000 0000 
0241: 0000 0000 0000 0000 0000 0000 0000 0000 0000 0000 
0251: 0000 0000 0000 0000 0000 0000 0000 0000 0000 0000 
0261: 0000 0000 0000 0000 0000 0000 0000 0000 0000 0000 
0271: 0000 0000 0000 0000 0000 0000 0000 0000 0000 0000 
0281: 0000 0000 0000 0000 0000 0000 0000 0000 0000 0000 
0291: 0000 0000 0000 0000 0000 0000 0000 0000 0000 0000 
0301: 0000 0000 0000 0000 0000 0000 0000 0000 0000 0000 
0311: 0000 0000 0000 0000 0000 0000 0000 0000 0000 0000 
0321: 0000 0000 0000 0000 0000 0000 0000 0000 0000 0000 
0331: 0000 0000 0000 0000 0000 0000 0000 0000 0000 0000 
0341: 0000 0000 0000 0000 0000 0000 0000 0000 0000 0000 
0351: 0000 0000 0000 0000 0000 0000 0000 0000 0000 0000 
0361: 0000 0000 0000 0000 0000 0000 0000 0000 0000 0000 
0371: 0000 0000 0000 0000 0000 0000 0000 0000 0000 0000 
0381: 0000 0000 0000 0000 0000 0000 0000 0000 0000 0000 
0391: 0000 0000 0000 0000 0000 0000 0000 0000 0000 0000 
0401: 0000 0000 0000 0000 0000 0000 0000 0000 0000 0000 
0411: 0000 0000 0000 0000 0000 0000 0000 0000 0000 0000 
0421: 0000 0000 0000 0000 0000 0000 0000 0000 0000 0000 
0431: 0000 0000 0000 0000 0000 0000 0000 0000 0000 0000 
0441: 0000 0000 0000 0000 0000 0000 0000 0000 0000 0000 
0451: 0000 0000 0000 0000 0000 0000 0000 0000 0000 0000 
0461: 0000 0000 0000 0000 0000 0000 0000 0000 0000 0000 
0471: 0000 0000 0000 0000 0000 0000 0000 0000 0000 0000 
0481: 0000 0000 0000 0000 0000 0000 0000 0000 0000 0000 
0491: 0000 0000 0000 0000 0000 0000 0000 0000 0000 0000 
0501: 0000 0000 0000 0000 0000 0000 0000 0000 0000 0000 
0511: 0000 0000 0000 0000 0000 0000 0000 0000 0000 0000 
0521: 0000 0000 0000 0000 0000 0000 0000 0000 0000 0000 
0531: 0000 0000 0000 0000 0000 0000 0000 0000 0000 0000 
0541: 0000 0000 0000 0000 0000 0000 0000 0000 0000 0000 
0551: 0000 0000 0000 0000 0000 0000 0000 0000 0000 0000 
0561: 0000 0000 0000 0000 0000 0000 0000 0000 0000 0000 
0571: 0000 0000 0000 0000 0000 0000 0000 0000 0000 0000 
0581: 0000 0000 0000 0000 0000 0000 0000 0000 0000 0000 
0591: 0000 0000 0000 0000 0000 0000 0000 0000 0000 0000 
0601: 0000 0000 0000 0000 0000 0000 0000 0000 0000 0000 
0611: 0000 0000 0000 0000 0000 0000 0000 0000 0000 0000 
0621: 0000 0000 0000 0000 0000 0000 0000 0000 0000 0000 
0631: 0000 0000 0000 0000 0000 0000 0000 0000 0000 0000 
0641: 0000 0000 0000 0000 0000 0000 0000 0000 0000 0000 
0651: 0000 0000 0000 0000 0000 0000 0000 0000 0000 0000 
0661: 0000 0000 0000 0000 0000 0000 0000 0000 0000 0000 
0671: 0000 0000 0000 0000 0000 0000 0000 0000 0000 0000 
0681: 0000 0000 0000 0000 0000 0000 0000 0000 0000 0000 
0691: 0000 0000 0000 0000 0000 0000 0000 0000 0000 0000 
0701: 0000 0000 0000 0000 0000 0000 0000 0000 0000 0000 
0711: 0000 0000 0000 0000 0000 0000 0000 0000 0000 0000 
0721: 0000 0000 0000 0000 0000 0000 0000 0000 0000 0000 
0731: 0000 0000 0000 0000 0000 0000 0000 0000 0000 0000 
0741: 0000 0000 0000 0000 0000 0000 0000 0000 0000 0000 
0751: 0000 0000 0000 0000 0000 0000 0000 0000 0000 0000 
0761: 0000 0000 0000 0000 0000 0000 0000 0000 0000 0000 
0771: 0000 0000 0000 0000 0000 0000 0000 0000 0000 0000 
0781: 0000 0000 0000 0000 0000 0000 0000 0000 0000 0000 
0791: 0000 0000 0000 0000 0000 0000 0000 0000 0000 0000 
0801: 0000 0000 0000 0000 0000 0000 0000 0000 0000 0000 
0811: 0000 0000 0000 0000 0000 0000 0000 0000 0000 0000 
0821: 0000 0000 0000 0000 0000 0000 0000 0000 0000 0000 
0831: 0000 0000 0000 0000 0000 0000 0000 0000 0000 0000 
0841: 0000 0000 0000 0000 0000 0000 0000 0000 0000 0000 
0851: 0000 0000 0000 0000 0000 0000 0000 0000 0000 0000 
0861: 0000 0000 0000 0000 0000 0000 0000 0000 0000 0000 
0871: 0000 0000 0000 0000 0000 0000 0000 0000 0000 0000 
0881: 0000 0000 0000 0000 0000 0000 0000 0000 0000 0000 
0891: 0000 0000 0000 0000 0000 0000 0000 0000 0000 0000 
0901: 0000 0000 0000 0000 0000 0000 0000 0000 0000 0000 
0911: 0000 0000 0000 0000 0000 0000 0000 0000 0000 0000 
0921: 0000 0000 0000 0000 0000 0000 0000 0000 0000 0000 
0931: 0000 0000 0000 0000 0000 0000 0000 0000 0000 0000 
0941: 0000 0000 0000 0000 0000 0000 0000 0000 0000 0000 
0951: 0000 0000 0000 0000 0000 0000 0000 0000 0000 0000 
0961: 0000 0000 0000 0000 0000 0000 0000 0000 0000 0000 
0971: 0000 0000 0000 0000 0000 0000 0000 0000 0000 0000 
0981: 0000 0000 0000 0000 0000 0000 0000 0000 0000 0000 
0991: 0000 0000 0000 0000 0000 0000 0000 0000 0000 0000 
1001: 0000 0000 0000 0000 0000 0000 0000 0000 0000 0000 
1011: 0000 0000 0000 0000 0000 0000 0000 0000 0000 0000 
1021: 0000 0000 0000 0000 

Subframe: 1
WPS: 1024
Timestamp: 05/28/1999 12:00:08
Data(Oct):
0001: 1107 0000 0000 0000 0000 0000 0000 0000 0000 0000 
0011: 0000 0000 0000 0000 0000 0000 0000 0000 0000 0000 
0021: 0000 0000 0000 0000 0000 0000 0000 0000 0000 0000 
0031: 0000 0000 0000 0000 0000 0000 0000 0000 0000 0000 
0041: 0000 0000 0000 0000 0000 0000 0000 0000 0000 0000 
0051: 0000 0000 0000 0000 0000 0000 0000 0000 0000 0000 
0061: 0000 0000 0000 0000 0000 0000 0000 0000 0000 0000 
0071: 0000 0000 0000 0000 0000 0000 0000 0000 0000 0000 
0081: 0000 0000 0000 0000 0000 0000 0000 0000 0000 0000 
0091: 0000 0000 0000 0000 0000 0000 0000 0000 0000 0000 
0101: 0000 0000 0000 0000 0000 0000 0000 0000 0000 0000 
0111: 0000 0000 0000 0000 0000 0000 0000 0000 0000 0000 
0121: 0000 0000 0000 0000 0000 0000 0000 0000 0000 0000 
0131: 0000 0000 0000 0000 0000 0000 0000 0000 0000 0000 
0141: 0000 0000 0000 0000 0000 0000 0000 0000 0000 0000 
0151: 0000 0000 0000 0000 0000 0000 0000 0000 0000 0000 
0161: 0000 0000 0000 0000 0000 0000 0000 0000 0000 0000 
0171: 0000 0000 0000 0000 0000 0000 0000 0000 0000 0000 
0181: 0000 0000 0000 0000 0000 0000 0000 0000 0000 0000 
0191: 0000 0000 0000 0000 0000 0000 0000 0000 0000 0000 
0201: 0000 0000 0000 0000 0000 0000 0000 0000 0000 0000 
0211: 0000 0000 0000 0000 0000 0000 0000 0000 0000 0000 
0221: 0000 0000 0000 0000 0000 0000 0000 0000 0000 0000 
0231: 0000 0000 0000 0000 0000 0000 0000 0000 0000 0000 
0241: 0000 0000 0000 0000 0000 0000 0000 0000 0000 0000 
0251: 0000 0000 0000 0000 0000 0000 0000 0000 0000 0000 
0261: 0000 0000 0000 0000 0000 0000 0000 0000 0000 0000 
0271: 0000 0000 0000 0000 0000 0000 0000 0000 0000 0000 
0281: 0000 0000 0000 0000 0000 0000 0000 0000 0000 0000 
0291: 0000 0000 0000 0000 0000 0000 0000 0000 0000 0000 
0301: 0000 0000 0000 0000 0000 0000 0000 0000 0000 0000 
0311: 0000 0000 0000 0000 0000 0000 0000 0000 0000 0000 
0321: 0000 0000 0000 0000 0000 0000 0000 0000 0000 0000 
0331: 0000 0000 0000 0000 0000 0000 0000 0000 0000 0000 
0341: 0000 0000 0000 0000 0000 0000 0000 0000 0000 0000 
0351: 0000 0000 0000 0000 0000 0000 0000 0000 0000 0000 
0361: 0000 0000 0000 0000 0000 0000 0000 0000 0000 0000 
0371: 0000 0000 0000 0000 0000 0000 0000 0000 0000 0000 
0381: 0000 0000 0000 0000 0000 0000 0000 0000 0000 0000 
0391: 0000 0000 0000 0000 0000 0000 0000 0000 0000 0000 
0401: 0000 0000 0000 0000 0000 0000 0000 0000 0000 0000 
0411: 0000 0000 0000 0000 0000 0000 0000 0000 0000 0000 
0421: 0000 0000 0000 0000 0000 0000 0000 0000 0000 0000 
0431: 0000 0000 0000 0000 0000 0000 0000 0000 0000 0000 
0441: 0000 0000 0000 0000 0000 0000 0000 0000 0000 0000 
0451: 0000 0000 0000 0000 0000 0000 0000 0000 0000 0000 
0461: 0000 0000 0000 0000 0000 0000 0000 0000 0000 0000 
0471: 0000 0000 0000 0000 0000 0000 0000 0000 0000 0000 
0481: 0000 0000 0000 0000 0000 0000 0000 0000 0000 0000 
0491: 0000 0000 0000 0000 0000 0000 0000 0000 0000 0000 
0501: 0000 0000 0000 0000 0000 0000 0000 0000 0000 0000 
0511: 0000 0000 0000 0000 0000 0000 0000 0000 0000 0000 
0521: 0000 0000 0000 0000 0000 0000 0000 0000 0000 0000 
0531: 0000 0000 0000 0000 0000 0000 0000 0000 0000 0000 
0541: 0000 0000 0000 0000 0000 0000 0000 0000 0000 0000 
0551: 0000 0000 0000 0000 0000 0000 0000 0000 0000 0000 
0561: 0000 0000 0000 0000 0000 0000 0000 0000 0000 0000 
0571: 0000 0000 0000 0000 0000 0000 0000 0000 0000 0000 
0581: 0000 0000 0000 0000 0000 0000 0000 0000 0000 0000 
0591: 0000 0000 0000 0000 0000 0000 0000 0000 0000 0000 
0601: 0000 0000 0000 0000 0000 0000 0000 0000 0000 0000 
0611: 0000 0000 0000 0000 0000 0000 0000 0000 0000 0000 
0621: 0000 0000 0000 0000 0000 0000 0000 0000 0000 0000 
0631: 0000 0000 0000 0000 0000 0000 0000 0000 0000 0000 
0641: 0000 0000 0000 0000 0000 0000 0000 0000 0000 0000 
0651: 0000 0000 0000 0000 0000 0000 0000 0000 0000 0000 
0661: 0000 0000 0000 0000 0000 0000 0000 0000 0000 0000 
0671: 0000 0000 0000 0000 0000 0000 0000 0000 0000 0000 
0681: 0000 0000 0000 0000 0000 0000 0000 0000 0000 0000 
0691: 0000 0000 0000 0000 0000 0000 0000 0000 0000 0000 
0701: 0000 0000 0000 0000 0000 0000 0000 0000 0000 0000 
0711: 0000 0000 0000 0000 0000 0000 0000 0000 0000 0000 
0721: 0000 0000 0000 0000 0000 0000 0000 0000 0000 0000 
0731: 0000 0000 0000 0000 0000 0000 0000 0000 0000 0000 
0741: 0000 0000 0000 0000 0000 0000 0000 0000 0000 0000 
0751: 0000 0000 0000 0000 0000 0000 0000 0000 0000 0000 
0761: 0000 0000 0000 0000 0000 0000 0000 0000 0000 0000 
0771: 0000 0000 0000 0000 0000 0000 0000 0000 0000 0000 
0781: 0000 0000 0000 0000 0000 0000 0000 0000 0000 0000 
0791: 0000 0000 0000 0000 0000 0000 0000 0000 0000 0000 
0801: 0000 0000 0000 0000 0000 0000 0000 0000 0000 0000 
0811: 0000 0000 0000 0000 0000 0000 0000 0000 0000 0000 
0821: 0000 0000 0000 0000 0000 0000 0000 0000 0000 0000 
0831: 0000 0000 0000 0000 0000 0000 0000 0000 0000 0000 
0841: 0000 0000 0000 0000 0000 0000 0000 0000 0000 0000 
0851: 0000 0000 0000 0000 0000 0000 0000 0000 0000 0000 
0861: 0000 0000 0000 0000 0000 0000 0000 0000 0000 0000 
0871: 0000 0000 0000 0000 0000 0000 0000 0000 0000 0000 
0881: 0000 0000 0000 0000 0000 0000 0000 0000 0000 0000 
0891: 0000 0000 0000 0000 0000 0000 0000 0000 0000 0000 
0901: 0000 0000 0000 0000 0000 0000 0000 0000 0000 0000 
0911: 0000 0000 0000 0000 0000 0000 0000 0000 0000 0000 
0921: 0000 0000 0000 0000 0000 0000 0000 0000 0000 0000 
0931: 0000 0000 0000 0000 0000 0000 0000 0000 0000 0000 
0941: 0000 0000 0000 0000 0000 0000 0000 0000 0000 0000 
0951: 0000 0000 0000 0000 0000 0000 0000 0000 0000 0000 
0961: 0000 0000 0000 0000 0000 0000 0000 0000 0000 0000 
0971: 0000 0000 0000 0000 0000 0000 0000 0000 0000 0000 
0981: 0000 0000 0000 0000 0000 0000 0000 0000 0000 0000 
0991: 0000 0000 0000 0000 0000 0000 0000 0000 0000 0000 
1001: 0000 0000 0000 0000 0000 0000 0000 0000 0000 0000 
1011: 0000 0000 0000 0000 0000 0000 0000 0000 0000 0000 
1021: 0000 0000 0000 0000 

Subframe: 2
WPS: 1024
Timestamp: 05/28/1999 12:00:09
Data(Oct):
0001: 2670 0000 0000 0000 0000 0000 0000 0000 0000 0000 
0011: 0000 0000 0000 0000 0000 0000 0000 0000 0000 0000 
0021: 0000 0000 0000 0000 0000 0000 0000 0000 0000 0000 
0031: 0000 0000 0000 0000 0000 0000 0000 0000 0000 0000 
0041: 0000 0000 0000 0000 0000 0000 0000 0000 0000 0000 
0051: 0000 0000 0000 0000 0000 0000 0000 0000 0000 0000 
0061: 0000 0000 0000 0000 0000 0000 0000 0000 0000 0000 
0071: 0000 0000 0000 0000 0000 0000 0000 0000 0000 0000 
0081: 0000 0000 0000 0000 0000 0000 0000 0000 0000 0000 
0091: 0000 0000 0000 0000 0000 0000 0000 0000 0000 0000 
0101: 0000 0000 0000 0000 0000 0000 0000 0000 0000 0000 
0111: 0000 0000 0000 0000 0000 0000 0000 0000 0000 0000 
0121: 0000 0000 0000 0000 0000 0000 0000 0000 0000 0000 
0131: 0000 0000 0000 0000 0000 0000 0000 0000 0000 0000 
0141: 0000 0000 0000 0000 0000 0000 0000 0000 0000 0000 
0151: 0000 0000 0000 0000 0000 0000 0000 0000 0000 0000 
0161: 0000 0000 0000 0000 0000 0000 0000 0000 0000 0000 
0171: 0000 0000 0000 0000 0000 0000 0000 0000 0000 0000 
0181: 0000 0000 0000 0000 0000 0000 0000 0000 0000 0000 
0191: 0000 0000 0000 0000 0000 0000 0000 0000 0000 0000 
0201: 0000 0000 0000 0000 0000 0000 0000 0000 0000 0000 
0211: 0000 0000 0000 0000 0000 0000 0000 0000 0000 0000 
0221: 0000 0000 0000 0000 0000 0000 0000 0000 0000 0000 
0231: 0000 0000 0000 0000 0000 0000 0000 0000 0000 0000 
0241: 0000 0000 0000 0000 0000 0000 0000 0000 0000 0000 
0251: 0000 0000 0000 0000 0000 0000 0000 0000 0000 0000 
0261: 0000 0000 0000 0000 0000 0000 0000 0000 0000 0000 
0271: 0000 0000 0000 0000 0000 0000 0000 0000 0000 0000 
0281: 0000 0000 0000 0000 0000 0000 0000 0000 0000 0000 
0291: 0000 0000 0000 0000 0000 0000 0000 0000 0000 0000 
0301: 0000 0000 0000 0000 0000 0000 0000 0000 0000 0000 
0311: 0000 0000 0000 0000 0000 0000 0000 0000 0000 0000 
0321: 0000 0000 0000 0000 0000 0000 0000 0000 0000 0000 
0331: 0000 0000 0000 0000 0000 0000 0000 0000 0000 0000 
0341: 0000 0000 0000 0000 0000 0000 0000 0000 0000 0000 
0351: 0000 0000 0000 0000 0000 0000 0000 0000 0000 0000 
0361: 0000 0000 0000 0000 0000 0000 0000 0000 0000 0000 
0371: 0000 0000 0000 0000 0000 0000 0000 0000 0000 0000 
0381: 0000 0000 0000 0000 0000 0000 0000 0000 0000 0000 
0391: 0000 0000 0000 0000 0000 0000 0000 0000 0000 0000 
0401: 0000 0000 0000 0000 0000 0000 0000 0000 0000 0000 
0411: 0000 0000 0000 0000 0000 0000 0000 0000 0000 0000 
0421: 0000 0000 0000 0000 0000 0000 0000 0000 0000 0000 
0431: 0000 0000 0000 0000 0000 0000 0000 0000 0000 0000 
0441: 0000 0000 0000 0000 0000 0000 0000 0000 0000 0000 
0451: 0000 0000 0000 0000 0000 0000 0000 0000 0000 0000 
0461: 0000 0000 0000 0000 0000 0000 0000 0000 0000 0000 
0471: 0000 0000 0000 0000 0000 0000 0000 0000 0000 0000 
0481: 0000 0000 0000 0000 0000 0000 0000 0000 0000 0000 
0491: 0000 0000 0000 0000 0000 0000 0000 0000 0000 0000 
0501: 0000 0000 0000 0000 0000 0000 0000 0000 0000 0000 
0511: 0000 0000 0000 0000 0000 0000 0000 0000 0000 0000 
0521: 0000 0000 0000 0000 0000 0000 0000 0000 0000 0000 
0531: 0000 0000 0000 0000 0000 0000 0000 0000 0000 0000 
0541: 0000 0000 0000 0000 0000 0000 0000 0000 0000 0000 
0551: 0000 0000 0000 0000 0000 0000 0000 0000 0000 0000 
0561: 0000 0000 0000 0000 0000 0000 0000 0000 0000 0000 
0571: 0000 0000 0000 0000 0000 0000 0000 0000 0000 0000 
0581: 0000 0000 0000 0000 0000 0000 0000 0000 0000 0000 
0591: 0000 0000 0000 0000 0000 0000 0000 0000 0000 0000 
0601: 0000 0000 0000 0000 0000 0000 0000 0000 0000 0000 
0611: 0000 0000 0000 0000 0000 0000 0000 0000 0000 0000 
0621: 0000 0000 0000 0000 0000 0000 0000 0000 0000 0000 
0631: 0000 0000 0000 0000 0000 0000 0000 0000 0000 0000 
0641: 0000 0000 0000 0000 0000 0000 0000 0000 0000 0000 
0651: 0000 0000 0000 0000 0000 0000 0000 0000 0000 0000 
0661: 0000 0000 0000 0000 0000 0000 0000 0000 0000 0000 
0671: 0000 0000 0000 0000 0000 0000 0000 0000 0000 0000 
0681: 0000 0000 0000 0000 0000 0000 0000 0000 0000 0000 
0691: 0000 0000 0000 0000 0000 0000 0000 0000 0000 0000 
0701: 0000 0000 0000 0000 0000 0000 0000 0000 0000 0000 
0711: 0000 0000 0000 0000 0000 0000 0000 0000 0000 0000 
0721: 0000 0000 0000 0000 0000 0000 0000 0000 0000 0000 
0731: 0000 0000 0000 0000 0000 0000 0000 0000 0000 0000 
0741: 0000 0000 0000 0000 0000 0000 0000 0000 0000 0000 
0751: 0000 0000 0000 0000 0000 0000 0000 0000 0000 0000 
0761: 0000 0000 0000 0000 0000 0000 0000 0000 0000 0000 
0771: 0000 0000 0000 0000 0000 0000 0000 0000 0000 0000 
0781: 0000 0000 0000 0000 0000 0000 0000 0000 0000 0000 
0791: 0000 0000 0000 0000 0000 0000 0000 0000 0000 0000 
0801: 0000 0000 0000 0000 0000 0000 0000 0000 0000 0000 
0811: 0000 0000 0000 0000 0000 0000 0000 0000 0000 0000 
0821: 0000 0000 0000 0000 0000 0000 0000 0000 0000 0000 
0831: 0000 0000 0000 0000 0000 0000 0000 0000 0000 0000 
0841: 0000 0000 0000 0000 0000 0000 0000 0000 0000 0000 
0851: 0000 0000 0000 0000 0000 0000 0000 0000 0000 0000 
0861: 0000 0000 0000 0000 0000 0000 0000 0000 0000 0000 
0871: 0000 0000 0000 0000 0000 0000 0000 0000 0000 0000 
0881: 0000 0000 0000 0000 0000 0000 0000 0000 0000 0000 
0891: 0000 0000 0000 0000 0000 0000 0000 0000 0000 0000 
0901: 0000 0000 0000 0000 0000 0000 0000 0000 0000 0000 
0911: 0000 0000 0000 0000 0000 0000 0000 0000 0000 0000 
0921: 0000 0000 0000 0000 0000 0000 0000 0000 0000 0000 
0931: 0000 0000 0000 0000 0000 0000 0000 0000 0000 0000 
0941: 0000 0000 0000 0000 0000 0000 0000 0000 0000 0000 
0951: 0000 0000 0000 0000 0000 0000 0000 0000 0000 0000 
0961: 0000 0000 0000 0000 0000 0000 0000 0000 0000 0000 
0971: 0000 0000 0000 0000 0000 0000 0000 0000 0000 0000 
0981: 0000 0000 0000 0000 0000 0000 0000 0000 0000 0000 
0991: 0000 0000 0000 0000 0000 0000 0000 0000 0000 0000 
1001: 0000 0000 0000 0000 0000 0000 0000 0000 0000 0000 
1011: 0000 0000 0000 0000 0000 0000 0000 0000 0000 0000 
1021: 0000 0000 0000 0000 

Subframe: 3
WPS: 1024
Timestamp: 05/28/1999 12:00:10
Data(Oct):
0001: 5107 0000 0000 0000 0000 0000 0000 0000 0000 0000 
0011: 0000 0000 0000 0000 0000 0000 0000 0000 0000 0000 
0021: 0000 0000 0000 0000 0000 0000 0000 0000 0000 0000 
0031: 0000 0000 0000 0000 0000 0000 0000 0000 0000 0000 
0041: 0000 0000 0000 0000 0000 0000 0000 0000 0000 0000 
0051: 0000 0000 0000 0000 0000 0000 0000 0000 0000 0000 
0061: 0000 0000 0000 0000 0000 0000 0000 0000 0000 0000 
0071: 0000 0000 0000 0000 0000 0000 0000 0000 0000 0000 
0081: 0000 0000 0000 0000 0000 0000 0000 0000 0000 0000 
0091: 0000 0000 0000 0000 0000 0000 0000 0000 0000 0000 
0101: 0000 0000 0000 0000 0000 0000 0000 0000 0000 0000 
0111: 0000 0000 0000 0000 0000 0000 0000 0000 0000 0000 
0121: 0000 0000 0000 0000 0000 0000 0000 0000 0000 0000 
0131: 0000 0000 0000 0000 0000 0000 0000 0000 0000 0000 
0141: 0000 0000 0000 0000 0000 0000 0000 0000 0000 0000 
0151: 0000 0000 0000 0000 0000 0000 0000 0000 0000 0000 
0161: 0000 0000 0000 0000 0000 0000 0000 0000 0000 0000 
0171: 0000 0000 0000 0000 0000 0000 0000 0000 0000 0000 
0181: 0000 0000 0000 0000 0000 0000 0000 0000 0000 0000 
0191: 0000 0000 0000 0000 0000 0000 0000 0000 0000 0000 
0201: 0000 0000 0000 0000 0000 0000 0000 0000 0000 0000 
0211: 0000 0000 0000 0000 0000 0000 0000 0000 0000 0000 
0221: 0000 0000 0000 0000 0000 0000 0000 0000 0000 0000 
0231: 0000 0000 0000 0000 0000 0000 0000 0000 0000 0000 
0241: 0000 0000 0000 0000 0000 0000 0000 0000 0000 0000 
0251: 0000 0000 0000 0000 0000 0000 0000 0000 0000 0000 
0261: 0000 0000 0000 0000 0000 0000 0000 0000 0000 0000 
0271: 0000 0000 0000 0000 0000 0000 0000 0000 0000 0000 
0281: 0000 0000 0000 0000 0000 0000 0000 0000 0000 0000 
0291: 0000 0000 0000 0000 0000 0000 0000 0000 0000 0000 
0301: 0000 0000 0000 0000 0000 0000 0000 0000 0000 0000 
0311: 0000 0000 0000 0000 0000 0000 0000 0000 0000 0000 
0321: 0000 0000 0000 0000 0000 0000 0000 0000 0000 0000 
0331: 0000 0000 0000 0000 0000 0000 0000 0000 0000 0000 
0341: 0000 0000 0000 0000 0000 0000 0000 0000 0000 0000 
0351: 0000 0000 0000 0000 0000 0000 0000 0000 0000 0000 
0361: 0000 0000 0000 0000 0000 0000 0000 0000 0000 0000 
0371: 0000 0000 0000 0000 0000 0000 0000 0000 0000 0000 
0381: 0000 0000 0000 0000 0000 0000 0000 0000 0000 0000 
0391: 0000 0000 0000 0000 0000 0000 0000 0000 0000 0000 
0401: 0000 0000 0000 0000 0000 0000 0000 0000 0000 0000 
0411: 0000 0000 0000 0000 0000 0000 0000 0000 0000 0000 
0421: 0000 0000 0000 0000 0000 0000 0000 0000 0000 0000 
0431: 0000 0000 0000 0000 0000 0000 0000 0000 0000 0000 
0441: 0000 0000 0000 0000 0000 0000 0000 0000 0000 0000 
0451: 0000 0000 0000 0000 0000 0000 0000 0000 0000 0000 
0461: 0000 0000 0000 0000 0000 0000 0000 0000 0000 0000 
0471: 0000 0000 0000 0000 0000 0000 0000 0000 0000 0000 
0481: 0000 0000 0000 0000 0000 0000 0000 0000 0000 0000 
0491: 0000 0000 0000 0000 0000 0000 0000 0000 0000 0000 
0501: 0000 0000 0000 0000 0000 0000 0000 0000 0000 0000 
0511: 0000 0000 0000 0000 0000 0000 0000 0000 0000 0000 
0521: 0000 0000 0000 0000 0000 0000 0000 0000 0000 0000 
0531: 0000 0000 0000 0000 0000 0000 0000 0000 0000 0000 
0541: 0000 0000 0000 0000 0000 0000 0000 0000 0000 0000 
0551: 0000 0000 0000 0000 0000 0000 0000 0000 0000 0000 
0561: 0000 0000 0000 0000 0000 0000 0000 0000 0000 0000 
0571: 0000 0000 0000 0000 0000 0000 0000 0000 0000 0000 
0581: 0000 0000 0000 0000 0000 0000 0000 0000 0000 0000 
0591: 0000 0000 0000 0000 0000 0000 0000 0000 0000 0000 
0601: 0000 0000 0000 0000 0000 0000 0000 0000 0000 0000 
0611: 0000 0000 0000 0000 0000 0000 0000 0000 0000 0000 
0621: 0000 0000 0000 0000 0000 0000 0000 0000 0000 0000 
0631: 0000 0000 0000 0000 0000 0000 0000 0000 0000 0000 
0641: 0000 0000 0000 0000 0000 0000 0000 0000 0000 0000 
0651: 0000 0000 0000 0000 0000 0000 0000 0000 0000 0000 
0661: 0000 0000 0000 0000 0000 0000 0000 0000 0000 0000 
0671: 0000 0000 0000 0000 0000 0000 0000 0000 0000 0000 
0681: 0000 0000 0000 0000 0000 0000 0000 0000 0000 0000 
0691: 0000 0000 0000 0000 0000 0000 0000 0000 0000 0000 
0701: 0000 0000 0000 0000 0000 0000 0000 0000 0000 0000 
0711: 0000 0000 0000 0000 0000 0000 0000 0000 0000 0000 
0721: 0000 0000 0000 0000 0000 0000 0000 0000 0000 0000 
0731: 0000 0000 0000 0000 0000 0000 0000 0000 0000 0000 
0741: 0000 0000 0000 0000 0000 0000 0000 0000 0000 0000 
0751: 0000 0000 0000 0000 0000 0000 0000 0000 0000 0000 
0761: 0000 0000 0000 0000 0000 0000 0000 0000 0000 0000 
0771: 0000 0000 0000 0000 0000 0000 0000 0000 0000 0000 
0781: 0000 0000 0000 0000 0000 0000 0000 0000 0000 0000 
0791: 0000 0000 0000 0000 0000 0000 0000 0000 0000 0000 
0801: 0000 0000 0000 0000 0000 0000 0000 0000 0000 0000 
0811: 0000 0000 0000 0000 0000 0000 0000 0000 0000 0000 
0821: 0000 0000 0000 0000 0000 0000 0000 0000 0000 0000 
0831: 0000 0000 0000 0000 0000 0000 0000 0000 0000 0000 
0841: 0000 0000 0000 0000 0000 0000 0000 0000 0000 0000 
0851: 0000 0000 0000 0000 0000 0000 0000 0000 0000 0000 
0861: 0000 0000 0000 0000 0000 0000 0000 0000 0000 0000 
0871: 0000 0000 0000 0000 0000 0000 0000 0000 0000 0000 
0881: 0000 0000 0000 0000 0000 0000 0000 0000 0000 0000 
0891: 0000 0000 0000 0000 0000 0000 0000 0000 0000 0000 
0901: 0000 0000 0000 0000 0000 0000 0000 0000 0000 0000 
0911: 0000 0000 0000 0000 0000 0000 0000 0000 0000 0000 
0921: 0000 0000 0000 0000 0000 0000 0000 0000 0000 0000 
0931: 0000 0000 0000 0000 0000 0000 0000 0000 0000 0000 
0941: 0000 0000 0000 0000 0000 0000 0000 0000 0000 0000 
0951: 0000 0000 0000 0000 0000 0000 0000 0000 0000 0000 
0961: 0000 0000 0000 0000 0000 0000 0000 0000 0000 0000 
0971: 0000 0000 0000 0000 0000 0000 0000 0000 0000 0000 
0981: 0000 0000 0000 0000 0000 0000 0000 0000 0000 0000 
0991: 0000 0000 0000 0000 0000 0000 0000 0000 0000 0000 
1001: 0000 0000 0000 0000 0000 0000 0000 0000 0000 0000 
1011: 0000 0000 0000 0000 0000 0000 0000 0000 0000 0000 
1021: 0000 0000 0000 0000 

Subframe: 4
WPS: 1024
Timestamp: 05/28/1999 12:00:11
Data(Oct):
0001: 6670 0000 0000 0000 0000 0000 0000 0000 0000 0000 
0011: 0000 0000 0000 0000 0000 0000 0000 0000 0000 0000 
0021: 0000 0000 0000 0000 0000 0000 0000 0000 0000 0000 
0031: 0000 0000 0000 0000 0000 0000 0000 0000 0000 0000 
0041: 0000 0000 0000 0000 0000 0000 0000 0000 0000 0000 
0051: 0000 0000 0000 0000 0000 0000 0000 0000 0000 0000 
0061: 0000 0000 0000 0000 0000 0000 0000 0000 0000 0000 
0071: 0000 0000 0000 0000 0000 0000 0000 0000 0000 0000 
0081: 0000 0000 0000 0000 0000 0000 0000 0000 0000 0000 
0091: 0000 0000 0000 0000 0000 0000 0000 0000 0000 0000 
0101: 0000 0000 0000 0000 0000 0000 0000 0000 0000 0000 
0111: 0000 0000 0000 0000 0000 0000 0000 0000 0000 0000 
0121: 0000 0000 0000 0000 0000 0000 0000 0000 0000 0000 
0131: 0000 0000 0000 0000 0000 0000 0000 0000 0000 0000 
0141: 0000 0000 0000 0000 0000 0000 0000 0000 0000 0000 
0151: 0000 0000 0000 0000 0000 0000 0000 0000 0000 0000 
0161: 0000 0000 0000 0000 0000 0000 0000 0000 0000 0000 
0171: 0000 0000 0000 0000 0000 0000 0000 0000 0000 0000 
0181: 0000 0000 0000 0000 0000 0000 0000 0000 0000 0000 
0191: 0000 0000 0000 0000 0000 0000 0000 0000 0000 0000 
0201: 0000 0000 0000 0000 0000 0000 0000 0000 0000 0000 
0211: 0000 0000 0000 0000 0000 0000 0000 0000 0000 0000 
0221: 0000 0000 0000 0000 0000 0000 0000 0000 0000 0000 
0231: 0000 0000 0000 0000 0000 0000 0000 0000 0000 0000 
0241: 0000 0000 0000 0000 0000 0000 0000 0000 0000 0000 
0251: 0000 0000 0000 0000 0000 0000 0000 0000 0000 0000 
0261: 0000 0000 0000 0000 0000 0000 0000 0000 0000 0000 
0271: 0000 0000 0000 0000 0000 0000 0000 0000 0000 0000 
0281: 0000 0000 0000 0000 0000 0000 0000 0000 0000 0000 
0291: 0000 0000 0000 0000 0000 0000 0000 0000 0000 0000 
0301: 0000 0000 0000 0000 0000 0000 0000 0000 0000 0000 
0311: 0000 0000 0000 0000 0000 0000 0000 0000 0000 0000 
0321: 0000 0000 0000 0000 0000 0000 0000 0000 0000 0000 
0331: 0000 0000 0000 0000 0000 0000 0000 0000 0000 0000 
0341: 0000 0000 0000 0000 0000 0000 0000 0000 0000 0000 
0351: 0000 0000 0000 0000 0000 0000 0000 0000 0000 0000 
0361: 0000 0000 0000 0000 0000 0000 0000 0000 0000 0000 
0371: 0000 0000 0000 0000 0000 0000 0000 0000 0000 0000 
0381: 0000 0000 0000 0000 0000 0000 0000 0000 0000 0000 
0391: 0000 0000 0000 0000 0000 0000 0000 0000 0000 0000 
0401: 0000 0000 0000 0000 0000 0000 0000 0000 0000 0000 
0411: 0000 0000 0000 0000 0000 0000 0000 0000 0000 0000 
0421: 0000 0000 0000 0000 0000 0000 0000 0000 0000 0000 
0431: 0000 0000 0000 0000 0000 0000 0000 0000 0000 0000 
0441: 0000 0000 0000 0000 0000 0000 0000 0000 0000 0000 
0451: 0000 0000 0000 0000 0000 0000 0000 0000 0000 0000 
0461: 0000 0000 0000 0000 0000 0000 0000 0000 0000 0000 
0471: 0000 0000 0000 0000 0000 0000 0000 0000 0000 0000 
0481: 0000 0000 0000 0000 0000 0000 0000 0000 0000 0000 
0491: 0000 0000 0000 0000 0000 0000 0000 0000 0000 0000 
0501: 0000 0000 0000 0000 0000 0000 0000 0000 0000 0000 
0511: 0000 0000 0000 0000 0000 0000 0000 0000 0000 0000 
0521: 0000 0000 0000 0000 0000 0000 0000 0000 0000 0000 
0531: 0000 0000 0000 0000 0000 0000 0000 0000 0000 0000 
0541: 0000 0000 0000 0000 0000 0000 0000 0000 0000 0000 
0551: 0000 0000 0000 0000 0000 0000 0000 0000 0000 0000 
0561: 0000 0000 0000 0000 0000 0000 0000 0000 0000 0000 
0571: 0000 0000 0000 0000 0000 0000 0000 0000 0000 0000 
0581: 0000 0000 0000 0000 0000 0000 0000 0000 0000 0000 
0591: 0000 0000 0000 0000 0000 0000 0000 0000 0000 0000 
0601: 0000 0000 0000 0000 0000 0000 0000 0000 0000 0000 
0611: 0000 0000 0000 0000 0000 0000 0000 0000 0000 0000 
0621: 0000 0000 0000 0000 0000 0000 0000 0000 0000 0000 
0631: 0000 0000 0000 0000 0000 0000 0000 0000 0000 0000 
0641: 0000 0000 0000 0000 0000 0000 0000 0000 0000 0000 
0651: 0000 0000 0000 0000 0000 0000 0000 0000 0000 0000 
0661: 0000 0000 0000 0000 0000 0000 0000 0000 0000 0000 
0671: 0000 0000 0000 0000 0000 0000 0000 0000 0000 0000 
0681: 0000 0000 0000 0000 0000 0000 0000 0000 0000 0000 
0691: 0000 0000 0000 0000 0000 0000 0000 0000 0000 0000 
0701: 0000 0000 0000 0000 0000 0000 0000 0000 0000 0000 
0711: 0000 0000 0000 0000 0000 0000 0000 0000 0000 0000 
0721: 0000 0000 0000 0000 0000 0000 0000 0000 0000 0000 
0731: 0000 0000 0000 0000 0000 0000 0000 0000 0000 0000 
0741: 0000 0000 0000 0000 0000 0000 0000 0000 0000 0000 
0751: 0000 0000 0000 0000 0000 0000 0000 0000 0000 0000 
0761: 0000 0000 0000 0000 0000 0000 0000 0000 0000 0000 
0771: 0000 0000 0000 0000 0000 0000 0000 0000 0000 0000 
0781: 0000 0000 0000 0000 0000 0000 0000 0000 0000 0000 
0791: 0000 0000 0000 0000 0000 0000 0000 0000 0000 0000 
0801: 0000 0000 0000 0000 0000 0000 0000 0000 0000 0000 
0811: 0000 0000 0000 0000 0000 0000 0000 0000 0000 0000 
0821: 0000 0000 0000 0000 0000 0000 0000 0000 0000 0000 
0831: 0000 0000 0000 0000 0000 0000 0000 0000 0000 0000 
0841: 0000 0000 0000 0000 0000 0000 0000 0000 0000 0000 
0851: 0000 0000 0000 0000 0000 0000 0000 0000 0000 0000 
0861: 0000 0000 0000 0000 0000 0000 0000 0000 0000 0000 
0871: 0000 0000 0000 0000 0000 0000 0000 0000 0000 0000 
0881: 0000 0000 0000 0000 0000 0000 0000 0000 0000 0000 
0891: 0000 0000 0000 0000 0000 0000 0000 0000 0000 0000 
0901: 0000 0000 0000 0000 0000 0000 0000 0000 0000 0000 
0911: 0000 0000 0000 0000 0000 0000 0000 0000 0000 0000 
0921: 0000 0000 0000 0000 0000 0000 0000 0000 0000 0000 
0931: 0000 0000 0000 0000 0000 0000 0000 0000 0000 0000 
0941: 0000 0000 0000 0000 0000 0000 0000 0000 0000 0000 
0951: 0000 0000 0000 0000 0000 0000 0000 0000 0000 0000 
0961: 0000 0000 0000 0000 0000 0000 0000 0000 0000 0000 
0971: 0000 0000 0000 0000 0000 0000 0000 0000 0000 0000 
0981: 0000 0000 0000 0000 0000 0000 0000 0000 0000 0000 
0991: 0000 0000 0000 0000 0000 0000 0000 0000 0000 0000 
1001: 0000 0000 0000 0000 0000 0000 0000 0000 0000 0000 
1011: 0000 0000 0000 0000 0000 0000 0000 0000 0000 0000 
1021: 0000 0000 0000 0000 

Subframe: 1
WPS: 1024
Timestamp: 05/28/1999 12:00:12
Data(Oct):
0001: 1107 0000 0000 0000 0000 0000 0000 0000 0000 0000 
0011: 0000 0000 0000 0000 0000 0000 0000 0000 0000 0000 
0021: 0000 0000 0000 0000 0000 0000 0000 0000 0000 0000 
0031: 0000 0000 0000 0000 0000 0000 0000 0000 0000 0000 
0041: 0000 0000 0000 0000 0000 0000 0000 0000 0000 0000 
0051: 0000 0000 0000 0000 0000 0000 0000 0000 0000 0000 
0061: 0000 0000 0000 0000 0000 0000 0000 0000 0000 0000 
0071: 0000 0000 0000 0000 0000 0000 0000 0000 0000 0000 
0081: 0000 0000 0000 0000 0000 0000 0000 0000 0000 0000 
0091: 0000 0000 0000 0000 0000 0000 0000 0000 0000 0000 
0101: 0000 0000 0000 0000 0000 0000 0000 0000 0000 0000 
0111: 0000 0000 0000 0000 0000 0000 0000 0000 0000 0000 
0121: 0000 0000 0000 0000 0000 0000 0000 0000 0000 0000 
0131: 0000 0000 0000 0000 0000 0000 0000 0000 0000 0000 
0141: 0000 0000 0000 0000 0000 0000 0000 0000 0000 0000 
0151: 0000 0000 0000 0000 0000 0000 0000 0000 0000 0000 
0161: 0000 0000 0000 0000 0000 0000 0000 0000 0000 0000 
0171: 0000 0000 0000 0000 0000 0000 0000 0000 0000 0000 
0181: 0000 0000 0000 0000 0000 0000 0000 0000 0000 0000 
0191: 0000 0000 0000 0000 0000 0000 0000 0000 0000 0000 
0201: 0000 0000 0000 0000 0000 0000 0000 0000 0000 0000 
0211: 0000 0000 0000 0000 0000 0000 0000 0000 0000 0000 
0221: 0000 0000 0000 0000 0000 0000 0000 0000 0000 0000 
0231: 0000 0000 0000 0000 0000 0000 0000 0000 0000 0000 
0241: 0000 0000 0000 0000 0000 0000 0000 0000 0000 0000 
0251: 0000 0000 0000 0000 0000 0000 0000 0000 0000 0000 
0261: 0000 0000 0000 0000 0000 0000 0000 0000 0000 0000 
0271: 0000 0000 0000 0000 0000 0000 0000 0000 0000 0000 
0281: 0000 0000 0000 0000 0000 0000 0000 0000 0000 0000 
0291: 0000 0000 0000 0000 0000 0000 0000 0000 0000 0000 
0301: 0000 0000 0000 0000 0000 0000 0000 0000 0000 0000 
0311: 0000 0000 0000 0000 0000 0000 0000 0000 0000 0000 
0321: 0000 0000 0000 0000 0000 0000 0000 0000 0000 0000 
0331: 0000 0000 0000 0000 0000 0000 0000 0000 0000 0000 
0341: 0000 0000 0000 0000 0000 0000 0000 0000 0000 0000 
0351: 0000 0000 0000 0000 0000 0000 0000 0000 0000 0000 
0361: 0000 0000 0000 0000 0000 0000 0000 0000 0000 0000 
0371: 0000 0000 0000 0000 0000 0000 0000 0000 0000 0000 
0381: 0000 0000 0000 0000 0000 0000 0000 0000 0000 0000 
0391: 0000 0000 0000 0000 0000 0000 0000 0000 0000 0000 
0401: 0000 0000 0000 0000 0000 0000 0000 0000 0000 0000 
0411: 0000 0000 0000 0000 0000 0000 0000 0000 0000 0000 
0421: 0000 0000 0000 0000 0000 0000 0000 0000 0000 0000 
0431: 0000 0000 0000 0000 0000 0000 0000 0000 0000 0000 
0441: 0000 0000 0000 0000 0000 0000 0000 0000 0000 0000 
0451: 0000 0000 0000 0000 0000 0000 0000 0000 0000 0000 
0461: 0000 0000 0000 0000 0000 0000 0000 0000 0000 0000 
0471: 0000 0000 0000 0000 0000 0000 0000 0000 0000 0000 
0481: 0000 0000 0000 0000 0000 0000 0000 0000 0000 0000 
0491: 0000 0000 0000 0000 0000 0000 0000 0000 0000 0000 
0501: 0000 0000 0000 0000 0000 0000 0000 0000 0000 0000 
0511: 0000 0000 0000 0000 0000 0000 0000 0000 0000 0000 
0521: 0000 0000 0000 0000 0000 0000 0000 0000 0000 0000 
0531: 0000 0000 0000 0000 0000 0000 0000 0000 0000 0000 
0541: 0000 0000 0000 0000 0000 0000 0000 0000 0000 0000 
0551: 0000 0000 0000 0000 0000 0000 0000 0000 0000 0000 
0561: 0000 0000 0000 0000 0000 0000 0000 0000 0000 0000 
0571: 0000 0000 0000 0000 0000 0000 0000 0000 0000 0000 
0581: 0000 0000 0000 0000 0000 0000 0000 0000 0000 0000 
0591: 0000 0000 0000 0000 0000 0000 0000 0000 0000 0000 
0601: 0000 0000 0000 0000 0000 0000 0000 0000 0000 0000 
0611: 0000 0000 0000 0000 0000 0000 0000 0000 0000 0000 
0621: 0000 0000 0000 0000 0000 0000 0000 0000 0000 0000 
0631: 0000 0000 0000 0000 0000 0000 0000 0000 0000 0000 
0641: 0000 0000 0000 0000 0000 0000 0000 0000 0000 0000 
0651: 0000 0000 0000 0000 0000 0000 0000 0000 0000 0000 
0661: 0000 0000 0000 0000 0000 0000 0000 0000 0000 0000 
0671: 0000 0000 0000 0000 0000 0000 0000 0000 0000 0000 
0681: 0000 0000 0000 0000 0000 0000 0000 0000 0000 0000 
0691: 0000 0000 0000 0000 0000 0000 0000 0000 0000 0000 
0701: 0000 0000 0000 0000 0000 0000 0000 0000 0000 0000 
0711: 0000 0000 0000 0000 0000 0000 0000 0000 0000 0000 
0721: 0000 0000 0000 0000 0000 0000 0000 0000 0000 0000 
0731: 0000 0000 0000 0000 0000 0000 0000 0000 0000 0000 
0741: 0000 0000 0000 0000 0000 0000 0000 0000 0000 0000 
0751: 0000 0000 0000 0000 0000 0000 0000 0000 0000 0000 
0761: 0000 0000 0000 0000 0000 0000 0000 0000 0000 0000 
0771: 0000 0000 0000 0000 0000 0000 0000 0000 0000 0000 
0781: 0000 0000 0000 0000 0000 0000 0000 0000 0000 0000 
0791: 0000 0000 0000 0000 0000 0000 0000 0000 0000 0000 
0801: 0000 0000 0000 0000 0000 0000 0000 0000 0000 0000 
0811: 0000 0000 0000 0000 0000 0000 0000 0000 0000 0000 
0821: 0000 0000 0000 0000 0000 0000 0000 0000 0000 0000 
0831: 0000 0000 0000 0000 0000 0000 0000 0000 0000 0000 
0841: 0000 0000 0000 0000 0000 0000 0000 0000 0000 0000 
0851: 0000 0000 0000 0000 0000 0000 0000 0000 0000 0000 
0861: 0000 0000 0000 0000 0000 0000 0000 0000 0000 0000 
0871: 0000 0000 0000 0000 0000 0000 0000 0000 0000 0000 
0881: 0000 0000 0000 0000 0000 0000 0000 0000 0000 0000 
0891: 0000 0000 0000 0000 0000 0000 0000 0000 0000 0000 
0901: 0000 0000 0000 0000 0000 0000 0000 0000 0000 0000 
0911: 0000 0000 0000 0000 0000 0000 0000 0000 0000 0000 
0921: 0000 0000 0000 0000 0000 0000 0000 0000 0000 0000 
0931: 0000 0000 0000 0000 0000 0000 0000 0000 0000 0000 
0941: 0000 0000 0000 0000 0000 0000 0000 0000 0000 0000 
0951: 0000 0000 0000 0000 0000 0000 0000 0000 0000 0000 
0961: 0000 0000 0000 0000 0000 0000 0000 0000 0000 0000 
0971: 0000 0000 0000 0000 0000 0000 0000 0000 0000 0000 
0981: 0000 0000 0000 0000 0000 0000 0000 0000 0000 0000 
0991: 0000 0000 0000 0000 0000 0000 0000 0000 0000 0000 
1001: 0000 0000 0000 0000 0000 0000 0000 0000 0000 0000 
1011: 0000 0000 0000 0000 0000 0000 0000 0000 0000 0000 
1021: 0000 0000 0000 0000 

Subframe: 2
WPS: 1024
Timestamp: 05/28/1999 12:00:13
Data(Oct):
0001: 2670 0000 0000 0000 0000 0000 0000 0000 0000 0000 
0011: 0000 0000 0000 0000 0000 0000 0000 0000 0000 0000 
0021: 0000 0000 0000 0000 0000 0000 0000 0000 0000 0000 
0031: 0000 0000 0000 0000 0000 0000 0000 0000 0000 0000 
0041: 0000 0000 0000 0000 0000 0000 0000 0000 0000 0000 
0051: 0000 0000 0000 0000 0000 0000 0000 0000 0000 0000 
0061: 0000 0000 0000 0000 0000 0000 0000 0000 0000 0000 
0071: 0000 0000 0000 0000 0000 0000 0000 0000 0000 0000 
0081: 0000 0000 0000 0000 0000 0000 0000 0000 0000 0000 
0091: 0000 0000 0000 0000 0000 0000 0000 0000 0000 0000 
0101: 0000 0000 0000 0000 0000 0000 0000 0000 0000 0000 
0111: 0000 0000 0000 0000 0000 0000 0000 0000 0000 0000 
0121: 0000 0000 0000 0000 0000 0000 0000 0000 0000 0000 
0131: 0000 0000 0000 0000 0000 0000 0000 0000 0000 0000 
0141: 0000 0000 0000 0000 0000 0000 0000 0000 0000 0000 
0151: 0000 0000 0000 0000 0000 0000 0000 0000 0000 0000 
0161: 0000 0000 0000 0000 0000 0000 0000 0000 0000 0000 
0171: 0000 0000 0000 0000 0000 0000 0000 0000 0000 0000 
0181: 0000 0000 0000 0000 0000 0000 0000 0000 0000 0000 
0191: 0000 0000 0000 0000 0000 0000 0000 0000 0000 0000 
0201: 0000 0000 0000 0000 0000 0000 0000 0000 0000 0000 
0211: 0000 0000 0000 0000 0000 0000 0000 0000 0000 0000 
0221: 0000 0000 0000 0000 0000 0000 0000 0000 0000 0000 
0231: 0000 0000 0000 0000 0000 0000 0000 0000 0000 0000 
0241: 0000 0000 0000 0000 0000 0000 0000 0000 0000 0000 
0251: 0000 0000 0000 0000 0000 0000 0000 0000 0000 0000 
0261: 0000 0000 0000 0000 0000 0000 0000 0000 0000 0000 
0271: 0000 0000 0000 0000 0000 0000 0000 0000 0000 0000 
0281: 0000 0000 0000 0000 0000 0000 0000 0000 0000 0000 
0291: 0000 0000 0000 0000 0000 0000 0000 0000 0000 0000 
0301: 0000 0000 0000 0000 0000 0000 0000 0000 0000 0000 
0311: 0000 0000 0000 0000 0000 0000 0000 0000 0000 0000 
0321: 0000 0000 0000 0000 0000 0000 0000 0000 0000 0000 
0331: 0000 0000 0000 0000 0000 0000 0000 0000 0000 0000 
0341: 0000 0000 0000 0000 0000 0000 0000 0000 0000 0000 
0351: 0000 0000 0000 0000 0000 0000 0000 0000 0000 0000 
0361: 0000 0000 0000 0000 0000 0000 0000 0000 0000 0000 
0371: 0000 0000 0000 0000 0000 0000 0000 0000 0000 0000 
0381: 0000 0000 0000 0000 0000 0000 0000 0000 0000 0000 
0391: 0000 0000 0000 0000 0000 0000 0000 0000 0000 0000 
0401: 0000 0000 0000 0000 0000 0000 0000 0000 0000 0000 
0411: 0000 0000 0000 0000 0000 0000 0000 0000 0000 0000 
0421: 0000 0000 0000 0000 0000 0000 0000 0000 0000 0000 
0431: 0000 0000 0000 0000 0000 0000 0000 0000 0000 0000 
0441: 0000 0000 0000 0000 0000 0000 0000 0000 0000 0000 
0451: 0000 0000 0000 0000 0000 0000 0000 0000 0000 0000 
0461: 0000 0000 0000 0000 0000 0000 0000 0000 0000 0000 
0471: 0000 0000 0000 0000 0000 0000 0000 0000 0000 0000 
0481: 0000 0000 0000 0000 0000 0000 0000 0000 0000 0000 
0491: 0000 0000 0000 0000 0000 0000 0000 0000 0000 0000 
0501: 0000 0000 0000 0000 0000 0000 0000 0000 0000 0000 
0511: 0000 0000 0000 0000 0000 0000 0000 0000 0000 0000 
0521: 0000 0000 0000 0000 0000 0000 0000 0000 0000 0000 
0531: 0000 0000 0000 0000 0000 0000 0000 0000 0000 0000 
0541: 0000 0000 0000 0000 0000 0000 0000 0000 0000 0000 
0551: 0000 0000 0000 0000 0000 0000 0000 0000 0000 0000 
0561: 0000 0000 0000 0000 0000 0000 0000 0000 0000 0000 
0571: 0000 0000 0000 0000 0000 0000 0000 0000 0000 0000 
0581: 0000 0000 0000 0000 0000 0000 0000 0000 0000 0000 
0591: 0000 0000 0000 0000 0000 0000 0000 0000 0000 0000 
0601: 0000 0000 0000 0000 0000 0000 0000 0000 0000 0000 
0611: 0000 0000 0000 0000 0000 0000 0000 0000 0000 0000 
0621: 0000 0000 0000 0000 0000 0000 0000 0000 0000 0000 
0631: 0000 0000 0000 0000 0000 0000 0000 0000 0000 0000 
0641: 0000 0000 0000 0000 0000 0000 0000 0000 0000 0000 
0651: 0000 0000 0000 0000 0000 0000 0000 0000 0000 0000 
0661: 0000 0000 0000 0000 0000 0000 0000 0000 0000 0000 
0671: 0000 0000 0000 0000 0000 0000 0000 0000 0000 0000 
0681: 0000 0000 0000 0000 0000 0000 0000 0000 0000 0000 
0691: 0000 0000 0000 0000 0000 0000 0000 0000 0000 0000 
0701: 0000 0000 0000 0000 0000 0000 0000 0000 0000 0000 
0711: 0000 0000 0000 0000 0000 0000 0000 0000 0000 0000 
0721: 0000 0000 0000 0000 0000 0000 0000 0000 0000 0000 
0731: 0000 0000 0000 0000 0000 0000 0000 0000 0000 0000 
0741: 0000 0000 0000 0000 0000 0000 0000 0000 0000 0000 
0751: 0000 0000 0000 0000 0000 0000 0000 0000 0000 0000 
0761: 0000 0000 0000 0000 0000 0000 0000 0000 0000 0000 
0771: 0000 0000 0000 0000 0000 0000 0000 0000 0000 0000 
0781: 0000 0000 0000 0000 0000 0000 0000 0000 0000 0000 
0791: 0000 0000 0000 0000 0000 0000 0000 0000 0000 0000 
0801: 0000 0000 0000 0000 0000 0000 0000 0000 0000 0000 
0811: 0000 0000 0000 0000 0000 0000 0000 0000 0000 0000 
0821: 0000 0000 0000 0000 0000 0000 0000 0000 0000 0000 
0831: 0000 0000 0000 0000 0000 0000 0000 0000 0000 0000 
0841: 0000 0000 0000 0000 0000 0000 0000 0000 0000 0000 
0851: 0000 0000 0000 0000 0000 0000 0000 0000 0000 0000 
0861: 0000 0000 0000 0000 0000 0000 0000 0000 0000 0000 
0871: 0000 0000 0000 0000 0000 0000 0000 0000 0000 0000 
0881: 0000 0000 0000 0000 0000 0000 0000 0000 0000 0000 
0891: 0000 0000 0000 0000 0000 0000 0000 0000 0000 0000 
0901: 0000 0000 0000 0000 0000 0000 0000 0000 0000 0000 
0911: 0000 0000 0000 0000 0000 0000 0000 0000 0000 0000 
0921: 0000 0000 0000 0000 0000 0000 0000 0000 0000 0000 
0931: 0000 0000 0000 0000 0000 0000 0000 0000 0000 0000 
0941: 0000 0000 0000 0000 0000 0000 0000 0000 0000 0000 
0951: 0000 0000 0000 0000 0000 0000 0000 0000 0000 0000 
0961: 0000 0000 0000 0000 0000 0000 0000 0000 0000 0000 
0971: 0000 0000 0000 0000 0000 0000 0000 0000 0000 0000 
0981: 0000 0000 0000 0000 0000 0000 0000 0000 0000 0000 
0991: 0000 0000 0000 0000 0000 0000 0000 0000 0000 0000 
1001: 0000 0000 0000 0000 0000 0000 0000 0000 0000 0000 
1011: 0000 0000 0000 0000 0000 0000 0000 0000 0000 0000 
1021: 0000 0000 0000 0000 

Subframe: 3
WPS: 1024
Timestamp: 05/28/1999 12:00:14
Data(Oct):
0001: 5107 0000 0000 0000 0000 0000 0000 0000 0000 0000 
0011: 0000 0000 0000 0000 0000 0000 0000 0000 0000 0000 
0021: 0000 0000 0000 0000 0000 0000 0000 0000 0000 0000 
0031: 0000 0000 0000 0000 0000 0000 0000 0000 0000 0000 
0041: 0000 0000 0000 0000 0000 0000 0000 0000 0000 0000 
0051: 0000 0000 0000 0000 0000 0000 0000 0000 0000 0000 
0061: 0000 0000 0000 0000 0000 0000 0000 0000 0000 0000 
0071: 0000 0000 0000 0000 0000 0000 0000 0000 0000 0000 
0081: 0000 0000 0000 0000 0000 0000 0000 0000 0000 0000 
0091: 0000 0000 0000 0000 0000 0000 0000 0000 0000 0000 
0101: 0000 0000 0000 0000 0000 0000 0000 0000 0000 0000 
0111: 0000 0000 0000 0000 0000 0000 0000 0000 0000 0000 
0121: 0000 0000 0000 0000 0000 0000 0000 0000 0000 0000 
0131: 0000 0000 0000 0000 0000 0000 0000 0000 0000 0000 
0141: 0000 0000 0000 0000 0000 0000 0000 0000 0000 0000 
0151: 0000 0000 0000 0000 0000 0000 0000 0000 0000 0000 
0161: 0000 0000 0000 0000 0000 0000 0000 0000 0000 0000 
0171: 0000 0000 0000 0000 0000 0000 0000 0000 0000 0000 
0181: 0000 0000 0000 0000 0000 0000 0000 0000 0000 0000 
0191: 0000 0000 0000 0000 0000 0000 0000 0000 0000 0000 
0201: 0000 0000 0000 0000 0000 0000 0000 0000 0000 0000 
0211: 0000 0000 0000 0000 0000 0000 0000 0000 0000 0000 
0221: 0000 0000 0000 0000 0000 0000 0000 0000 0000 0000 
0231: 0000 0000 0000 0000 0000 0000 0000 0000 0000 0000 
0241: 0000 0000 0000 0000 0000 0000 0000 0000 0000 0000 
0251: 0000 0000 0000 0000 0000 0000 0000 0000 0000 0000 
0261: 0000 0000 0000 0000 0000 0000 0000 0000 0000 0000 
0271: 0000 0000 0000 0000 0000 0000 0000 0000 0000 0000 
0281: 0000 0000 0000 0000 0000 0000 0000 0000 0000 0000 
0291: 0000 0000 0000 0000 0000 0000 0000 0000 0000 0000 
0301: 0000 0000 0000 0000 0000 0000 0000 0000 0000 0000 
0311: 0000 0000 0000 0000 0000 0000 0000 0000 0000 0000 
0321: 0000 0000 0000 0000 0000 0000 0000 0000 0000 0000 
0331: 0000 0000 0000 0000 0000 0000 0000 0000 0000 0000 
0341: 0000 0000 0000 0000 0000 0000 0000 0000 0000 0000 
0351: 0000 0000 0000 0000 0000 0000 0000 0000 0000 0000 
0361: 0000 0000 0000 0000 0000 0000 0000 0000 0000 0000 
0371: 0000 0000 0000 0000 0000 0000 0000 0000 0000 0000 
0381: 0000 0000 0000 0000 0000 0000 0000 0000 0000 0000 
0391: 0000 0000 0000 0000 0000 0000 0000 0000 0000 0000 
0401: 0000 0000 0000 0000 0000 0000 0000 0000 0000 0000 
0411: 0000 0000 0000 0000 0000 0000 0000 0000 0000 0000 
0421: 0000 0000 0000 0000 0000 0000 0000 0000 0000 0000 
0431: 0000 0000 0000 0000 0000 0000 0000 0000 0000 0000 
0441: 0000 0000 0000 0000 0000 0000 0000 0000 0000 0000 
0451: 0000 0000 0000 0000 0000 0000 0000 0000 0000 0000 
0461: 0000 0000 0000 0000 0000 0000 0000 0000 0000 0000 
0471: 0000 0000 0000 0000 0000 0000 0000 0000 0000 0000 
0481: 0000 0000 0000 0000 0000 0000 0000 0000 0000 0000 
0491: 0000 0000 0000 0000 0000 0000 0000 0000 0000 0000 
0501: 0000 0000 0000 0000 0000 0000 0000 0000 0000 0000 
0511: 0000 0000 0000 0000 0000 0000 0000 0000 0000 0000 
0521: 0000 0000 0000 0000 0000 0000 0000 0000 0000 0000 
0531: 0000 0000 0000 0000 0000 0000 0000 0000 0000 0000 
0541: 0000 0000 0000 0000 0000 0000 0000 0000 0000 0000 
0551: 0000 0000 0000 0000 0000 0000 0000 0000 0000 0000 
0561: 0000 0000 0000 0000 0000 0000 0000 0000 0000 0000 
0571: 0000 0000 0000 0000 0000 0000 0000 0000 0000 0000 
0581: 0000 0000 0000 0000 0000 0000 0000 0000 0000 0000 
0591: 0000 0000 0000 0000 0000 0000 0000 0000 0000 0000 
0601: 0000 0000 0000 0000 0000 0000 0000 0000 0000 0000 
0611: 0000 0000 0000 0000 0000 0000 0000 0000 0000 0000 
0621: 0000 0000 0000 0000 0000 0000 0000 0000 0000 0000 
0631: 0000 0000 0000 0000 0000 0000 0000 0000 0000 0000 
0641: 0000 0000 0000 0000 0000 0000 0000 0000 0000 0000 
0651: 0000 0000 0000 0000 0000 0000 0000 0000 0000 0000 
0661: 0000 0000 0000 0000 0000 0000 0000 0000 0000 0000 
0671: 0000 0000 0000 0000 0000 0000 0000 0000 0000 0000 
0681: 0000 0000 0000 0000 0000 0000 0000 0000 0000 0000 
0691: 0000 0000 0000 0000 0000 0000 0000 0000 0000 0000 
0701: 0000 0000 0000 0000 0000 0000 0000 0000 0000 0000 
0711: 0000 0000 0000 0000 0000 0000 0000 0000 0000 0000 
0721: 0000 0000 0000 0000 0000 0000 0000 0000 0000 0000 
0731: 0000 0000 0000 0000 0000 0000 0000 0000 0000 0000 
0741: 0000 0000 0000 0000 0000 0000 0000 0000 0000 0000 
0751: 0000 0000 0000 0000 0000 0000 0000 0000 0000 0000 
0761: 0000 0000 0000 0000 0000 0000 0000 0000 0000 0000 
0771: 0000 0000 0000 0000 0000 0000 0000 0000 0000 0000 
0781: 0000 0000 0000 0000 0000 0000 0000 0000 0000 0000 
0791: 0000 0000 0000 0000 0000 0000 0000 0000 0000 0000 
0801: 0000 0000 0000 0000 0000 0000 0000 0000 0000 0000 
0811: 0000 0000 0000 0000 0000 0000 0000 0000 0000 0000 
0821: 0000 0000 0000 0000 0000 0000 0000 0000 0000 0000 
0831: 0000 0000 0000 0000 0000 0000 0000 0000 0000 0000 
0841: 0000 0000 0000 0000 0000 0000 0000 0000 0000 0000 
0851: 0000 0000 0000 0000 0000 0000 0000 0000 0000 0000 
0861: 0000 0000 0000 0000 0000 0000 0000 0000 0000 0000 
0871: 0000 0000 0000 0000 0000 0000 0000 0000 0000 0000 
0881: 0000 0000 0000 0000 0000 0000 0000 0000 0000 0000 
0891: 0000 0000 0000 0000 0000 0000 0000 0000 0000 0000 
0901: 0000 0000 0000 0000 0000 0000 0000 0000 0000 0000 
0911: 0000 0000 0000 0000 0000 0000 0000 0000 0000 0000 
0921: 0000 0000 0000 0000 0000 0000 0000 0000 0000 0000 
0931: 0000 0000 0000 0000 0000 0000 0000 0000 0000 0000 
0941: 0000 0000 0000 0000 0000 0000 0000 0000 0000 0000 
0951: 0000 0000 0000 0000 0000 0000 0000 0000 0000 0000 
0961: 0000 0000 0000 0000 0000 0000 0000 0000 0000 0000 
0971: 0000 0000 0000 0000 0000 0000 0000 0000 0000 0000 
0981: 0000 0000 0000 0000 0000 0000 0000 0000 0000 0000 
0991: 0000 0000 0000 0000 0000 0000 0000 0000 0000 0000 
1001: 0000 0000 0000 0000 0000 0000 0000 0000 0000 0000 
1011: 0000 0000 0000 0000 0000 0000 0000 0000 0000 0000 
1021: 0000 0000 0000 0000 

Subframe: 4
WPS: 1024
Timestamp: 05/28/1999 12:00:15
Data(Oct):
0001: 6670 0000 0000 0000 0000 0000 0000 0000 0000 0000 
0011: 0000 0000 0000 0000 0000 0000 0000 0000 0000 0000 
0021: 0000 0000 0000 0000 0000 0000 0000 0000 0000 0000 
0031: 0000 0000 0000 0000 0000 0000 0000 0000 0000 0000 
0041: 0000 0000 0000 0000 0000 0000 0000 0000 0000 0000 
0051: 0000 0000 0000 0000 0000 0000 0000 0000 0000 0000 
0061: 0000 0000 0000 0000 0000 0000 0000 0000 0000 0000 
0071: 0000 0000 0000 0000 0000 0000 0000 0000 0000 0000 
0081: 0000 0000 0000 0000 0000 0000 0000 0000 0000 0000 
0091: 0000 0000 0000 0000 0000 0000 0000 0000 0000 0000 
0101: 0000 0000 0000 0000 0000 0000 0000 0000 0000 0000 
0111: 0000 0000 0000 0000 0000 0000 0000 0000 0000 0000 
0121: 0000 0000 0000 0000 0000 0000 0000 0000 0000 0000 
0131: 0000 0000 0000 0000 0000 0000 0000 0000 0000 0000 
0141: 0000 0000 0000 0000 0000 0000 0000 0000 0000 0000 
0151: 0000 0000 0000 0000 0000 0000 0000 0000 0000 0000 
0161: 0000 0000 0000 0000 0000 0000 0000 0000 0000 0000 
0171: 0000 0000 0000 0000 0000 0000 0000 0000 0000 0000 
0181: 0000 0000 0000 0000 0000 0000 0000 0000 0000 0000 
0191: 0000 0000 0000 0000 0000 0000 0000 0000 0000 0000 
0201: 0000 0000 0000 0000 0000 0000 0000 0000 0000 0000 
0211: 0000 0000 0000 0000 0000 0000 0000 0000 0000 0000 
0221: 0000 0000 0000 0000 0000 0000 0000 0000 0000 0000 
0231: 0000 0000 0000 0000 0000 0000 0000 0000 0000 0000 
0241: 0000 0000 0000 0000 0000 0000 0000 0000 0000 0000 
0251: 0000 0000 0000 0000 0000 0000 0000 0000 0000 0000 
0261: 0000 0000 0000 0000 0000 0000 0000 0000 0000 0000 
0271: 0000 0000 0000 0000 0000 0000 0000 0000 0000 0000 
0281: 0000 0000 0000 0000 0000 0000 0000 0000 0000 0000 
0291: 0000 0000 0000 0000 0000 0000 0000 0000 0000 0000 
0301: 0000 0000 0000 0000 0000 0000 0000 0000 0000 0000 
0311: 0000 0000 0000 0000 0000 0000 0000 0000 0000 0000 
0321: 0000 0000 0000 0000 0000 0000 0000 0000 0000 0000 
0331: 0000 0000 0000 0000 0000 0000 0000 0000 0000 0000 
0341: 0000 0000 0000 0000 0000 0000 0000 0000 0000 0000 
0351: 0000 0000 0000 0000 0000 0000 0000 0000 0000 0000 
0361: 0000 0000 0000 0000 0000 0000 0000 0000 0000 0000 
0371: 0000 0000 0000 0000 0000 0000 0000 0000 0000 0000 
0381: 0000 0000 0000 0000 0000 0000 0000 0000 0000 0000 
0391: 0000 0000 0000 0000 0000 0000 0000 0000 0000 0000 
0401: 0000 0000 0000 0000 0000 0000 0000 0000 0000 0000 
0411: 0000 0000 0000 0000 0000 0000 0000 0000 0000 0000 
0421: 0000 0000 0000 0000 0000 0000 0000 0000 0000 0000 
0431: 0000 0000 0000 0000 0000 0000 0000 0000 0000 0000 
0441: 0000 0000 0000 0000 0000 0000 0000 0000 0000 0000 
0451: 0000 0000 0000 0000 0000 0000 0000 0000 0000 0000 
0461: 0000 0000 0000 0000 0000 0000 0000 0000 0000 0000 
0471: 0000 0000 0000 0000 0000 0000 0000 0000 0000 0000 
0481: 0000 0000 0000 0000 0000 0000 0000 0000 0000 0000 
0491: 0000 0000 0000 0000 0000 0000 0000 0000 0000 0000 
0501: 0000 0000 0000 0000 0000 0000 0000 0000 0000 0000 
0511: 0000 0000 0000 0000 0000 0000 0000 0000 0000 0000 
0521: 0000 0000 0000 0000 0000 0000 0000 0000 0000 0000 
0531: 0000 0000 0000 0000 0000 0000 0000 0000 0000 0000 
0541: 0000 0000 0000 0000 0000 0000 0000 0000 0000 0000 
0551: 0000 0000 0000 0000 0000 0000 0000 0000 0000 0000 
0561: 0000 0000 0000 0000 0000 0000 0000 0000 0000 0000 
0571: 0000 0000 0000 0000 0000 0000 0000 0000 0000 0000 
0581: 0000 0000 0000 0000 0000 0000 0000 0000 0000 0000 
0591: 0000 0000 0000 0000 0000 0000 0000 0000 0000 0000 
0601: 0000 0000 0000 0000 0000 0000 0000 0000 0000 0000 
0611: 0000 0000 0000 0000 0000 0000 0000 0000 0000 0000 
0621: 0000 0000 0000 0000 0000 0000 0000 0000 0000 0000 
0631: 0000 0000 0000 0000 0000 0000 0000 0000 0000 0000 
0641: 0000 0000 0000 0000 0000 0000 0000 0000 0000 0000 
0651: 0000 0000 0000 0000 0000 0000 0000 0000 0000 0000 
0661: 0000 0000 0000 0000 0000 0000 0000 0000 0000 0000 
0671: 0000 0000 0000 0000 0000 0000 0000 0000 0000 0000 
0681: 0000 0000 0000 0000 0000 0000 0000 0000 0000 0000 
0691: 0000 0000 0000 0000 0000 0000 0000 0000 0000 0000 
0701: 0000 0000 0000 0000 0000 0000 0000 0000 0000 0000 
0711: 0000 0000 0000 0000 0000 0000 0000 0000 0000 0000 
0721: 0000 0000 0000 0000 0000 0000 0000 0000 0000 0000 
0731: 0000 0000 0000 0000 0000 0000 0000 0000 0000 0000 
0741: 0000 0000 0000 0000 0000 0000 0000 0000 0000 0000 
0751: 0000 0000 0000 0000 0000 0000 0000 0000 0000 0000 
0761: 0000 0000 0000 0000 0000 0000 0000 0000 0000 0000 
0771: 0000 0000 0000 0000 0000 0000 0000 0000 0000 0000 
0781: 0000 0000 0000 0000 0000 0000 0000 0000 0000 0000 
0791: 0000 0000 0000 0000 0000 0000 0000 0000 0000 0000 
0801: 0000 0000 0000 0000 0000 0000 0000 0000 0000 0000 
0811: 0000 0000 0000 0000 0000 0000 0000 0000 0000 0000 
0821: 0000 0000 0000 0000 0000 0000 0000 0000 0000 0000 
0831: 0000 0000 0000 0000 0000 0000 0000 0000 0000 0000 
0841: 0000 0000 0000 0000 0000 0000 0000 0000 0000 0000 
0851: 0000 0000 0000 0000 0000 0000 0000 0000 0000 0000 
0861: 0000 0000 0000 0000 0000 0000 0000 0000 0000 0000 
0871: 0000 0000 0000 0000 0000 0000 0000 0000 0000 0000 
0881: 0000 0000 0000 0000 0000 0000 0000 0000 0000 0000 
0891: 0000 0000 0000 0000 0000 0000 0000 0000 0000 0000 
0901: 0000 0000 0000 0000 0000 0000 0000 0000 0000 0000 
0911: 0000 0000 0000 0000 0000 0000 0000 0000 0000 0000 
0921: 0000 0000 0000 0000 0000 0000 0000 0000 0000 0000 
0931: 0000 0000 0000 0000 0000 0000 0000 0000 0000 0000 
0941: 0000 0000 0000 0000 0000 0000 0000 0000 0000 0000 
0951: 0000 0000 0000 0000 0000 0000 0000 0000 0000 0000 
0961: 0000 0000 0000 0000 0000 0000 0000 0000 0000 0000 
0971: 0000 0000 0000 0000 0000 0000 0000 0000 0000 0000 
0981: 0000 0000 0000 0000 0000 0000 0000 0000 0000 0000 
0991: 0000 0000 0000 0000 0000 0000 0000 0000 0000 0000 
1001: 0000 0000 0000 0000 0000 0000 0000 0000 0000 0000 
1011: 0000 0000 0000 0000 0000 0000 0000 0000 0000 0000 
1021: 0000 0000 0000 0000 

