Subframe: 1
WPS: 256
Timestamp: 05/28/1999 12:00:00
Data(Oct):
0001: 1107 0000 0000 0000 0000 0000 0000 0000 0000 0000 
0011: 0000 0000 0000 0000 0000 0000 0000 0000 0000 0000 
0021: 0000 0000 0000 0000 0000 0000 0000 0000 0000 0000 
0031: 0000 0000 0000 0000 0000 0000 0000 0000 0000 0000 
0041: 0000 0000 0000 0000 0000 0000 0000 0000 0000 0000 
0051: 0000 0000 0000 0000 0000 0000 0000 0000 0000 0000 
0061: 0000 0000 0000 0000 0000 0000 0000 0000 0000 0000 
0071: 0000 0000 0000 0000 0000 0000 0000 0000 0000 0000 
0081: 0000 0000 0000 0000 0000 0000 0000 0000 0000 0000 
0091: 0000 0000 0000 0000 0000 0000 0000 0000 0000 0000 
0101: 0000 0000 0000 0000 0000 0000 0000 0000 0000 0000 
0111: 0000 0000 0000 0000 0000 0000 0000 0000 0000 0000 
0121: 0000 0000 0000 0000 0000 0000 0000 0000 0000 0000 
0131: 0000 0000 0000 0000 0000 0000 0000 0000 0000 0000 
0141: 0000 0000 0000 0000 0000 0000 0000 0000 0000 0000 
0151: 0000 0000 0000 0000 0000 0000 0000 0000 0000 0000 
0161: 0000 0000 0000 0000 0000 0000 0000 0000 0000 0000 
0171: 0000 0000 0000 0000 0000 0000 0000 0000 0000 0000 
0181: 0000 0000 0000 0000 0000 0000 0000 0000 0000 0000 
0191: 0000 0000 0000 0000 0000 0000 0000 0000 0000 0000 
0201: 0000 0000 0000 0000 0000 0000 0000 0000 0000 0000 
0211: 0000 0000 0000 0000 0000 0000 0000 0000 0000 0000 
0221: 0000 0000 0000 0000 0000 0000 0000 0000 0000 0000 
0231: 0000 0000 0000 0000 0000 0000 0000 0000 0000 0000 
0241: 0000 0000 0000 0000 0000 0000 0000 0000 0000 0000 
0251: 0000 0000 0000 0000 0000 0000 

Subframe: 2
WPS: 256
Timestamp: 05/28/1999 12:00:01
Data(Oct):
0001: 2670 0000 0000 0000 0000 0000 0000 0000 0000 0000 
0011: 0000 0000 0000 0000 0000 0000 0000 0000 0000 0000 
0021: 0000 0000 0000 0000 0000 0000 0000 0000 0000 0000 
0031: 0000 0000 0000 0000 0000 0000 0000 0000 0000 0000 
0041: 0000 0000 0000 0000 0000 0000 0000 0000 0000 0000 
0051: 0000 0000 0000 0000 0000 0000 0000 0000 0000 0000 
0061: 0000 0000 0000 0000 0000 0000 0000 0000 0000 0000 
0071: 0000 0000 0000 0000 0000 0000 0000 0000 0000 0000 
0081: 0000 0000 0000 0000 0000 0000 0000 0000 0000 0000 
0091: 0000 0000 0000 0000 0000 0000 0000 0000 0000 0000 
0101: 0000 0000 0000 0000 0000 0000 0000 0000 0000 0000 
0111: 0000 0000 0000 0000 0000 0000 0000 0000 0000 0000 
0121: 0000 0000 0000 0000 0000 0000 0000 0000 0000 0000 
0131: 0000 0000 0000 0000 0000 0000 0000 0000 0000 0000 
0141: 0000 0000 0000 0000 0000 0000 0000 0000 0000 0000 
0151: 0000 0000 0000 0000 0000 0000 0000 0000 0000 0000 
0161: 0000 0000 0000 0000 0000 0000 0000 0000 0000 0000 
0171: 0000 0000 0000 0000 0000 0000 0000 0000 0000 0000 
0181: 0000 0000 0000 0000 0000 0000 0000 0000 0000 0000 
0191: 0000 0000 0000 0000 0000 0000 0000 0000 0000 0000 
0201: 0000 0000 0000 0000 0000 0000 0000 0000 0000 0000 
0211: 0000 0000 0000 0000 0000 0000 0000 0000 0000 0000 
0221: 0000 0000 0000 0000 0000 0000 0000 0000 0000 0000 
0231: 0000 0000 0000 0000 0000 0000 0000 0000 0000 0000 
0241: 0000 0000 0000 0000 0000 0000 0000 0000 0000 0000 
0251: 0000 0000 0000 0000 0000 0000 

Subframe: 3
WPS: 256
Timestamp: 05/28/1999 12:00:02
Data(Oct):
0001: 5107 0000 0000 0000 0000 0000 0000 0000 0000 0000 
0011: 0000 0000 0000 0000 0000 0000 0000 0000 0000 0000 
0021: 0000 0000 0000 0000 0000 0000 0000 0000 0000 0000 
0031: 0000 0000 0000 0000 0000 0000 0000 0000 0000 0000 
0041: 0000 0000 0000 0000 0000 0000 0000 0000 0000 0000 
0051: 0000 0000 0000 0000 0000 0000 0000 0000 0000 0000 
0061: 0000 0000 0000 0000 0000 0000 0000 0000 0000 0000 
0071: 0000 0000 0000 0000 0000 0000 0000 0000 0000 0000 
0081: 0000 0000 0000 0000 0000 0000 0000 0000 0000 0000 
0091: 0000 0000 0000 0000 0000 0000 0000 0000 0000 0000 
0101: 0000 0000 0000 0000 0000 0000 0000 0000 0000 0000 
0111: 0000 0000 0000 0000 0000 0000 0000 0000 0000 0000 
0121: 0000 0000 0000 0000 0000 0000 0000 0000 0000 0000 
0131: 0000 0000 0000 0000 0000 0000 0000 0000 0000 0000 
0141: 0000 0000 0000 0000 0000 0000 0000 0000 0000 0000 
0151: 0000 0000 0000 0000 0000 0000 0000 0000 0000 0000 
0161: 0000 0000 0000 0000 0000 0000 0000 0000 0000 0000 
0171: 0000 0000 0000 0000 0000 0000 0000 0000 0000 0000 
0181: 0000 0000 0000 0000 0000 0000 0000 0000 0000 0000 
0191: 0000 0000 0000 0000 0000 0000 0000 0000 0000 0000 
0201: 0000 0000 0000 0000 0000 0000 0000 0000 0000 0000 
0211: 0000 0000 0000 0000 0000 0000 0000 0000 0000 0000 
0221: 0000 0000 0000 0000 0000 0000 0000 0000 0000 0000 
0231: 0000 0000 0000 0000 0000 0000 0000 0000 0000 0000 
0241: 0000 0000 0000 0000 0000 0000 0000 0000 0000 0000 
0251: 0000 0000 0000 0000 0000 0000 

Subframe: 4
WPS: 256
Timestamp: 05/28/1999 12:00:03
Data(Oct):
0001: 6670 0000 0000 0000 0000 0000 0000 0000 0000 0000 
0011: 0000 0000 0000 0000 0000 0000 0000 0000 0000 0000 
0021: 0000 0000 0000 0000 0000 0000 0000 0000 0000 0000 
0031: 0000 0000 0000 0000 0000 0000 0000 0000 0000 0000 
0041: 0000 0000 0000 0000 0000 0000 0000 0000 0000 0000 
0051: 0000 0000 0000 0000 0000 0000 0000 0000 0000 0000 
0061: 0000 0000 0000 0000 0000 0000 0000 0000 0000 0000 
0071: 0000 0000 0000 0000 0000 0000 0000 0000 0000 0000 
0081: 0000 0000 0000 0000 0000 0000 0000 0000 0000 0000 
0091: 0000 0000 0000 0000 0000 0000 0000 0000 0000 0000 
0101: 0000 0000 0000 0000 0000 0000 0000 0000 0000 0000 
0111: 0000 0000 0000 0000 0000 0000 0000 0000 0000 0000 
0121: 0000 0000 0000 0000 0000 0000 0000 0000 0000 0000 
0131: 0000 0000 0000 0000 0000 0000 0000 0000 0000 0000 
0141: 0000 0000 0000 0000 0000 0000 0000 0000 0000 0000 
0151: 0000 0000 0000 0000 0000 0000 0000 0000 0000 0000 
0161: 0000 0000 0000 0000 0000 0000 0000 0000 0000 0000 
0171: 0000 0000 0000 0000 0000 0000 0000 0000 0000 0000 
0181: 0000 0000 0000 0000 0000 0000 0000 0000 0000 0000 
0191: 0000 0000 0000 0000 0000 0000 0000 0000 0000 0000 
0201: 0000 0000 0000 0000 0000 0000 0000 0000 0000 0000 
0211: 0000 0000 0000 0000 0000 0000 0000 0000 0000 0000 
0221: 0000 0000 0000 0000 0000 0000 0000 0000 0000 0000 
0231: 0000 0000 0000 0000 0000 0000 0000 0000 0000 0000 
0241: 0000 0000 0000 0000 0000 0000 0000 0000 0000 0000 
0251: 0000 0000 0000 0000 0000 0000 

Subframe: 1
WPS: 256
Timestamp: 05/28/1999 12:00:04
Data(Oct):
0001: 1107 0000 0000 0000 0000 0000 0000 0000 0000 0000 
0011: 0000 0000 0000 0000 0000 0000 0000 0000 0000 0000 
0021: 0000 0000 0000 0000 0000 0000 0000 0000 0000 0000 
0031: 0000 0000 0000 0000 0000 0000 0000 0000 0000 0000 
0041: 0000 0000 0000 0000 0000 0000 0000 0000 0000 0000 
0051: 0000 0000 0000 0000 0000 0000 0000 0000 0000 0000 
0061: 0000 0000 0000 0000 0000 0000 0000 0000 0000 0000 
0071: 0000 0000 0000 0000 0000 0000 0000 0000 0000 0000 
0081: 0000 0000 0000 0000 0000 0000 0000 0000 0000 0000 
0091: 0000 0000 0000 0000 0000 0000 0000 0000 0000 0000 
0101: 0000 0000 0000 0000 0000 0000 0000 0000 0000 0000 
0111: 0000 0000 0000 0000 0000 0000 0000 0000 0000 0000 
0121: 0000 0000 0000 0000 0000 0000 0000 0000 0000 0000 
0131: 0000 0000 0000 0000 0000 0000 0000 0000 0000 0000 
0141: 0000 0000 0000 0000 0000 0000 0000 0000 0000 0000 
0151: 0000 0000 0000 0000 0000 0000 0000 0000 0000 0000 
0161: 0000 0000 0000 0000 0000 0000 0000 0000 0000 0000 
0171: 0000 0000 0000 0000 0000 0000 0000 0000 0000 0000 
0181: 0000 0000 0000 0000 0000 0000 0000 0000 0000 0000 
0191: 0000 0000 0000 0000 0000 0000 0000 0000 0000 0000 
0201: 0000 0000 0000 0000 0000 0000 0000 0000 0000 0000 
0211: 0000 0000 0000 0000 0000 0000 0000 0000 0000 0000 
0221: 0000 0000 0000 0000 0000 0000 0000 0000 0000 0000 
0231: 0000 0000 0000 0000 0000 0000 0000 0000 0000 0000 
0241: 0000 0000 0000 0000 0000 0000 0000 0000 0000 0000 
0251: 0000 0000 0000 0000 0000 0000 

Subframe: 2
WPS: 256
Timestamp: 05/28/1999 12:00:05
Data(Oct):
0001: 2670 0000 0000 0000 0000 0000 0000 0000 0000 0000 
0011: 0000 0000 0000 0000 0000 0000 0000 0000 0000 0000 
0021: 0000 0000 0000 0000 0000 0000 0000 0000 0000 0000 
0031: 0000 0000 0000 0000 0000 0000 0000 0000 0000 0000 
0041: 0000 0000 0000 0000 0000 0000 0000 0000 0000 0000 
0051: 0000 0000 0000 0000 0000 0000 0000 0000 0000 0000 
0061: 0000 0000 0000 0000 0000 0000 0000 0000 0000 0000 
0071: 0000 0000 0000 0000 0000 0000 0000 0000 0000 0000 
0081: 0000 0000 0000 0000 0000 0000 0000 0000 0000 0000 
0091: 0000 0000 0000 0000 0000 0000 0000 0000 0000 0000 
0101: 0000 0000 0000 0000 0000 0000 0000 0000 0000 0000 
0111: 0000 0000 0000 0000 0000 0000 0000 0000 0000 0000 
0121: 0000 0000 0000 0000 0000 0000 0000 0000 0000 0000 
0131: 0000 0000 0000 0000 0000 0000 0000 0000 0000 0000 
0141: 0000 0000 0000 0000 0000 0000 0000 0000 0000 0000 
0151: 0000 0000 0000 0000 0000 0000 0000 0000 0000 0000 
0161: 0000 0000 0000 0000 0000 0000 0000 0000 0000 0000 
0171: 0000 0000 0000 0000 0000 0000 0000 0000 0000 0000 
0181: 0000 0000 0000 0000 0000 0000 0000 0000 0000 0000 
0191: 0000 0000 0000 0000 0000 0000 0000 0000 0000 0000 
0201: 0000 0000 0000 0000 0000 0000 0000 0000 0000 0000 
0211: 0000 0000 0000 0000 0000 0000 0000 0000 0000 0000 
0221: 0000 0000 0000 0000 0000 0000 0000 0000 0000 0000 
0231: 0000 0000 0000 0000 0000 0000 0000 0000 0000 0000 
0241: 0000 0000 0000 0000 0000 0000 0000 0000 0000 0000 
0251: 0000 0000 0000 0000 0000 0000 

Subframe: 3
WPS: 256
Timestamp: 05/28/1999 12:00:06
Data(Oct):
0001: 5107 0000 0000 0000 0000 0000 0000 0000 0000 0000 
0011: 0000 0000 0000 0000 0000 0000 0000 0000 0000 0000 
0021: 0000 0000 0000 0000 0000 0000 0000 0000 0000 0000 
0031: 0000 0000 0000 0000 0000 0000 0000 0000 0000 0000 
0041: 0000 0000 0000 0000 0000 0000 0000 0000 0000 0000 
0051: 0000 0000 0000 0000 0000 0000 0000 0000 0000 0000 
0061: 0000 0000 0000 0000 0000 0000 0000 0000 0000 0000 
0071: 0000 0000 0000 0000 0000 0000 0000 0000 0000 0000 
0081: 0000 0000 0000 0000 0000 0000 0000 0000 0000 0000 
0091: 0000 0000 0000 0000 0000 0000 0000 0000 0000 0000 
0101: 0000 0000 0000 0000 0000 0000 0000 0000 0000 0000 
0111: 0000 0000 0000 0000 0000 0000 0000 0000 0000 0000 
0121: 0000 0000 0000 0000 0000 0000 0000 0000 0000 0000 
0131: 0000 0000 0000 0000 0000 0000 0000 0000 0000 0000 
0141: 0000 0000 0000 0000 0000 0000 0000 0000 0000 0000 
0151: 0000 0000 0000 0000 0000 0000 0000 0000 0000 0000 
0161: 0000 0000 0000 0000 0000 0000 0000 0000 0000 0000 
0171: 0000 0000 0000 0000 0000 0000 0000 0000 0000 0000 
0181: 0000 0000 0000 0000 0000 0000 0000 0000 0000 0000 
0191: 0000 0000 0000 0000 0000 0000 0000 0000 0000 0000 
0201: 0000 0000 0000 0000 0000 0000 0000 0000 0000 0000 
0211: 0000 0000 0000 0000 0000 0000 0000 0000 0000 0000 
0221: 0000 0000 0000 0000 0000 0000 0000 0000 0000 0000 
0231: 0000 0000 0000 0000 0000 0000 0000 0000 0000 0000 
0241: 0000 0000 0000 0000 0000 0000 0000 0000 0000 0000 
0251: 0000 0000 0000 0000 0000 0000 

Subframe: 4
WPS: 256
Timestamp: 05/28/1999 12:00:07
Data(Oct):
0001: 6670 0000 0000 0000 0000 0000 0000 0000 0000 0000 
0011: 0000 0000 0000 0000 0000 0000 0000 0000 0000 0000 
0021: 0000 0000 0000 0000 0000 0000 0000 0000 0000 0000 
0031: 0000 0000 0000 0000 0000 0000 0000 0000 0000 0000 
0041: 0000 0000 0000 0000 0000 0000 0000 0000 0000 0000 
0051: 0000 0000 0000 0000 0000 0000 0000 0000 0000 0000 
0061: 0000 0000 0000 0000 0000 0000 0000 0000 0000 0000 
0071: 0000 0000 0000 0000 0000 0000 0000 0000 0000 0000 
0081: 0000 0000 0000 0000 0000 0000 0000 0000 0000 0000 
0091: 0000 0000 0000 0000 0000 0000 0000 0000 0000 0000 
0101: 0000 0000 0000 0000 0000 0000 0000 0000 0000 0000 
0111: 0000 0000 0000 0000 0000 0000 0000 0000 0000 0000 
0121: 0000 0000 0000 0000 0000 0000 0000 0000 0000 0000 
0131: 0000 0000 0000 0000 0000 0000 0000 0000 0000 0000 
0141: 0000 0000 0000 0000 0000 0000 0000 0000 0000 0000 
0151: 0000 0000 0000 0000 0000 0000 0000 0000 0000 0000 
0161: 0000 0000 0000 0000 0000 0000 0000 0000 0000 0000 
0171: 0000 0000 0000 0000 0000 0000 0000 0000 0000 0000 
0181: 0000 0000 0000 0000 0000 0000 0000 0000 0000 0000 
0191: 0000 0000 0000 0000 0000 0000 0000 0000 0000 0000 
0201: 0000 0000 0000 0000 0000 0000 0000 0000 0000 0000 
0211: 0000 0000 0000 0000 0000 0000 0000 0000 0000 0000 
0221: 0000 0000 0000 0000 0000 0000 0000 0000 0000 0000 
0231: 0000 0000 0000 0000 0000 0000 0000 0000 0000 0000 
0241: 0000 0000 0000 0000 0000 0000 0000 0000 0000 0000 
0251: 0000 0000 0000 0000 0000 0000 

Subframe: 1
WPS: 256
Timestamp: 05/28/1999 12:00:08
Data(Oct):
0001: 1107 0000 0000 0000 0000 0000 0000 0000 0000 0000 
0011: 0000 0000 0000 0000 0000 0000 0000 0000 0000 0000 
0021: 0000 0000 0000 0000 0000 0000 0000 0000 0000 0000 
0031: 0000 0000 0000 0000 0000 0000 0000 0000 0000 0000 
0041: 0000 0000 0000 0000 0000 0000 0000 0000 0000 0000 
0051: 0000 0000 0000 0000 0000 0000 0000 0000 0000 0000 
0061: 0000 0000 0000 0000 0000 0000 0000 0000 0000 0000 
0071: 0000 0000 0000 0000 0000 0000 0000 0000 0000 0000 
0081: 0000 0000 0000 0000 0000 0000 0000 0000 0000 0000 
0091: 0000 0000 0000 0000 0000 0000 0000 0000 0000 0000 
0101: 0000 0000 0000 0000 0000 0000 0000 0000 0000 0000 
0111: 0000 0000 0000 0000 0000 0000 0000 0000 0000 0000 
0121: 0000 0000 0000 0000 0000 0000 0000 0000 0000 0000 
0131: 0000 0000 0000 0000 0000 0000 0000 0000 0000 0000 
0141: 0000 0000 0000 0000 0000 0000 0000 0000 0000 0000 
0151: 0000 0000 0000 0000 0000 0000 0000 0000 0000 0000 
0161: 0000 0000 0000 0000 0000 0000 0000 0000 0000 0000 
0171: 0000 0000 0000 0000 0000 0000 0000 0000 0000 0000 
0181: 0000 0000 0000 0000 0000 0000 0000 0000 0000 0000 
0191: 0000 0000 0000 0000 0000 0000 0000 0000 0000 0000 
0201: 0000 0000 0000 0000 0000 0000 0000 0000 0000 0000 
0211: 0000 0000 0000 0000 0000 0000 0000 0000 0000 0000 
0221: 0000 0000 0000 0000 0000 0000 0000 0000 0000 0000 
0231: 0000 0000 0000 0000 0000 0000 0000 0000 0000 0000 
0241: 0000 0000 0000 0000 0000 0000 0000 0000 0000 0000 
0251: 0000 0000 0000 0000 0000 0000 

Subframe: 2
WPS: 256
Timestamp: 05/28/1999 12:00:09
Data(Oct):
0001: 2670 0000 0000 0000 0000 0000 0000 0000 0000 0000 
0011: 0000 0000 0000 0000 0000 0000 0000 0000 0000 0000 
0021: 0000 0000 0000 0000 0000 0000 0000 0000 0000 0000 
0031: 0000 0000 0000 0000 0000 0000 0000 0000 0000 0000 
0041: 0000 0000 0000 0000 0000 0000 0000 0000 0000 0000 
0051: 0000 0000 0000 0000 0000 0000 0000 0000 0000 0000 
0061: 0000 0000 0000 0000 0000 0000 0000 0000 0000 0000 
0071: 0000 0000 0000 0000 0000 0000 0000 0000 0000 0000 
0081: 0000 0000 0000 0000 0000 0000 0000 0000 0000 0000 
0091: 0000 0000 0000 0000 0000 0000 0000 0000 0000 0000 
0101: 0000 0000 0000 0000 0000 0000 0000 0000 0000 0000 
0111: 0000 0000 0000 0000 0000 0000 0000 0000 0000 0000 
0121: 0000 0000 0000 0000 0000 0000 0000 0000 0000 0000 
0131: 0000 0000 0000 0000 0000 0000 0000 0000 0000 0000 
0141: 0000 0000 0000 0000 0000 0000 0000 0000 0000 0000 
0151: 0000 0000 0000 0000 0000 0000 0000 0000 0000 0000 
0161: 0000 0000 0000 0000 0000 0000 0000 0000 0000 0000 
0171: 0000 0000 0000 0000 0000 0000 0000 0000 0000 0000 
0181: 0000 0000 0000 0000 0000 0000 0000 0000 0000 0000 
0191: 0000 0000 0000 0000 0000 0000 0000 0000 0000 0000 
0201: 0000 0000 0000 0000 0000 0000 0000 0000 0000 0000 
0211: 0000 0000 0000 0000 0000 0000 0000 0000 0000 0000 
0221: 0000 0000 0000 0000 0000 0000 0000 0000 0000 0000 
0231: 0000 0000 0000 0000 0000 0000 0000 0000 0000 0000 
0241: 0000 0000 0000 0000 0000 0000 0000 0000 0000 0000 
0251: 0000 0000 0000 0000 0000 0000 

Subframe: 3
WPS: 256
Timestamp: 05/28/1999 12:00:10
Data(Oct):
0001: 5107 0000 0000 0000 0000 0000 0000 0000 0000 0000 
0011: 0000 0000 0000 0000 0000 0000 0000 0000 0000 0000 
0021: 0000 0000 0000 0000 0000 0000 0000 0000 0000 0000 
0031: 0000 0000 0000 0000 0000 0000 0000 0000 0000 0000 
0041: 0000 0000 0000 0000 0000 0000 0000 0000 0000 0000 
0051: 0000 0000 0000 0000 0000 0000 0000 0000 0000 0000 
0061: 0000 0000 0000 0000 0000 0000 0000 0000 0000 0000 
0071: 0000 0000 0000 0000 0000 0000 0000 0000 0000 0000 
0081: 0000 0000 0000 0000 0000 0000 0000 0000 0000 0000 
0091: 0000 0000 0000 0000 0000 0000 0000 0000 0000 0000 
0101: 0000 0000 0000 0000 0000 0000 0000 0000 0000 0000 
0111: 0000 0000 0000 0000 0000 0000 0000 0000 0000 0000 
0121: 0000 0000 0000 0000 0000 0000 0000 0000 0000 0000 
0131: 0000 0000 0000 0000 0000 0000 0000 0000 0000 0000 
0141: 0000 0000 0000 0000 0000 0000 0000 0000 0000 0000 
0151: 0000 0000 0000 0000 0000 0000 0000 0000 0000 0000 
0161: 0000 0000 0000 0000 0000 0000 0000 0000 0000 0000 
0171: 0000 0000 0000 0000 0000 0000 0000 0000 0000 0000 
0181: 0000 0000 0000 0000 0000 0000 0000 0000 0000 0000 
0191: 0000 0000 0000 0000 0000 0000 0000 0000 0000 0000 
0201: 0000 0000 0000 0000 0000 0000 0000 0000 0000 0000 
0211: 0000 0000 0000 0000 0000 0000 0000 0000 0000 0000 
0221: 0000 0000 0000 0000 0000 0000 0000 0000 0000 0000 
0231: 0000 0000 0000 0000 0000 0000 0000 0000 0000 0000 
0241: 0000 0000 0000 0000 0000 0000 0000 0000 0000 0000 
0251: 0000 0000 0000 0000 0000 0000 

Subframe: 4
WPS: 256
Timestamp: 05/28/1999 12:00:11
Data(Oct):
0001: 6670 0000 0000 0000 0000 0000 0000 0000 0000 0000 
0011: 0000 0000 0000 0000 0000 0000 0000 0000 0000 0000 
0021: 0000 0000 0000 0000 0000 0000 0000 0000 0000 0000 
0031: 0000 0000 0000 0000 0000 0000 0000 0000 0000 0000 
0041: 0000 0000 0000 0000 0000 0000 0000 0000 0000 0000 
0051: 0000 0000 0000 0000 0000 0000 0000 0000 0000 0000 
0061: 0000 0000 0000 0000 0000 0000 0000 0000 0000 0000 
0071: 0000 0000 0000 0000 0000 0000 0000 0000 0000 0000 
0081: 0000 0000 0000 0000 0000 0000 0000 0000 0000 0000 
0091: 0000 0000 0000 0000 0000 0000 0000 0000 0000 0000 
0101: 0000 0000 0000 0000 0000 0000 0000 0000 0000 0000 
0111: 0000 0000 0000 0000 0000 0000 0000 0000 0000 0000 
0121: 0000 0000 0000 0000 0000 0000 0000 0000 0000 0000 
0131: 0000 0000 0000 0000 0000 0000 0000 0000 0000 0000 
0141: 0000 0000 0000 0000 0000 0000 0000 0000 0000 0000 
0151: 0000 0000 0000 0000 0000 0000 0000 0000 0000 0000 
0161: 0000 0000 0000 0000 0000 0000 0000 0000 0000 0000 
0171: 0000 0000 0000 0000 0000 0000 0000 0000 0000 0000 
0181: 0000 0000 0000 0000 0000 0000 0000 0000 0000 0000 
0191: 0000 0000 0000 0000 0000 0000 0000 0000 0000 0000 
0201: 0000 0000 0000 0000 0000 0000 0000 0000 0000 0000 
0211: 0000 0000 0000 0000 0000 0000 0000 0000 0000 0000 
0221: 0000 0000 0000 0000 0000 0000 0000 0000 0000 0000 
0231: 0000 0000 0000 0000 0000 0000 0000 0000 0000 0000 
0241: 0000 0000 0000 0000 0000 0000 0000 0000 0000 0000 
0251: 0000 0000 0000 0000 0000 0000 

Subframe: 1
WPS: 256
Timestamp: 05/28/1999 12:00:12
Data(Oct):
0001: 1107 0000 0000 0000 0000 0000 0000 0000 0000 0000 
0011: 0000 0000 0000 0000 0000 0000 0000 0000 0000 0000 
0021: 0000 0000 0000 0000 0000 0000 0000 0000 0000 0000 
0031: 0000 0000 0000 0000 0000 0000 0000 0000 0000 0000 
0041: 0000 0000 0000 0000 0000 0000 0000 0000 0000 0000 
0051: 0000 0000 0000 0000 0000 0000 0000 0000 0000 0000 
0061: 0000 0000 0000 0000 0000 0000 0000 0000 0000 0000 
0071: 0000 0000 0000 0000 0000 0000 0000 0000 0000 0000 
0081: 0000 0000 0000 0000 0000 0000 0000 0000 0000 0000 
0091: 0000 0000 0000 0000 0000 0000 0000 0000 0000 0000 
0101: 0000 0000 0000 0000 0000 0000 0000 0000 0000 0000 
0111: 0000 0000 0000 0000 0000 0000 0000 0000 0000 0000 
0121: 0000 0000 0000 0000 0000 0000 0000 0000 0000 0000 
0131: 0000 0000 0000 0000 0000 0000 0000 0000 0000 0000 
0141: 0000 0000 0000 0000 0000 0000 0000 0000 0000 0000 
0151: 0000 0000 0000 0000 0000 0000 0000 0000 0000 0000 
0161: 0000 0000 0000 0000 0000 0000 0000 0000 0000 0000 
0171: 0000 0000 0000 0000 0000 0000 0000 0000 0000 0000 
0181: 0000 0000 0000 0000 0000 0000 0000 0000 0000 0000 
0191: 0000 0000 0000 0000 0000 0000 0000 0000 0000 0000 
0201: 0000 0000 0000 0000 0000 0000 0000 0000 0000 0000 
0211: 0000 0000 0000 0000 0000 0000 0000 0000 0000 0000 
0221: 0000 0000 0000 0000 0000 0000 0000 0000 0000 0000 
0231: 0000 0000 0000 0000 0000 0000 0000 0000 0000 0000 
0241: 0000 0000 0000 0000 0000 0000 0000 0000 0000 0000 
0251: 0000 0000 0000 0000 0000 0000 

Subframe: 2
WPS: 256
Timestamp: 05/28/1999 12:00:13
Data(Oct):
0001: 2670 0000 0000 0000 0000 0000 0000 0000 0000 0000 
0011: 0000 0000 0000 0000 0000 0000 0000 0000 0000 0000 
0021: 0000 0000 0000 0000 0000 0000 0000 0000 0000 0000 
0031: 0000 0000 0000 0000 0000 0000 0000 0000 0000 0000 
0041: 0000 0000 0000 0000 0000 0000 0000 0000 0000 0000 
0051: 0000 0000 0000 0000 0000 0000 0000 0000 0000 0000 
0061: 0000 0000 0000 0000 0000 0000 0000 0000 0000 0000 
0071: 0000 0000 0000 0000 0000 0000 0000 0000 0000 0000 
0081: 0000 0000 0000 0000 0000 0000 0000 0000 0000 0000 
0091: 0000 0000 0000 0000 0000 0000 0000 0000 0000 0000 
0101: 0000 0000 0000 0000 0000 0000 0000 0000 0000 0000 
0111: 0000 0000 0000 0000 0000 0000 0000 0000 0000 0000 
0121: 0000 0000 0000 0000 0000 0000 0000 0000 0000 0000 
0131: 0000 0000 0000 0000 0000 0000 0000 0000 0000 0000 
0141: 0000 0000 0000 0000 0000 0000 0000 0000 0000 0000 
0151: 0000 0000 0000 0000 0000 0000 0000 0000 0000 0000 
0161: 0000 0000 0000 0000 0000 0000 0000 0000 0000 0000 
0171: 0000 0000 0000 0000 0000 0000 0000 0000 0000 0000 
0181: 0000 0000 0000 0000 0000 0000 0000 0000 0000 0000 
0191: 0000 0000 0000 0000 0000 0000 0000 0000 0000 0000 
0201: 0000 0000 0000 0000 0000 0000 0000 0000 0000 0000 
0211: 0000 0000 0000 0000 0000 0000 0000 0000 0000 0000 
0221: 0000 0000 0000 0000 0000 0000 0000 0000 0000 0000 
0231: 0000 0000 0000 0000 0000 0000 0000 0000 0000 0000 
0241: 0000 0000 0000 0000 0000 0000 0000 0000 0000 0000 
0251: 0000 0000 0000 0000 0000 0000 

Subframe: 3
WPS: 256
Timestamp: 05/28/1999 12:00:14
Data(Oct):
0001: 5107 0000 0000 0000 0000 0000 0000 0000 0000 0000 
0011: 0000 0000 0000 0000 0000 0000 0000 0000 0000 0000 
0021: 0000 0000 0000 0000 0000 0000 0000 0000 0000 0000 
0031: 0000 0000 0000 0000 0000 0000 0000 0000 0000 0000 
0041: 0000 0000 0000 0000 0000 0000 0000 0000 0000 0000 
0051: 0000 0000 0000 0000 0000 0000 0000 0000 0000 0000 
0061: 0000 0000 0000 0000 0000 0000 0000 0000 0000 0000 
0071: 0000 0000 0000 0000 0000 0000 0000 0000 0000 0000 
0081: 0000 0000 0000 0000 0000 0000 0000 0000 0000 0000 
0091: 0000 0000 0000 0000 0000 0000 0000 0000 0000 0000 
0101: 0000 0000 0000 0000 0000 0000 0000 0000 0000 0000 
0111: 0000 0000 0000 0000 0000 0000 0000 0000 0000 0000 
0121: 0000 0000 0000 0000 0000 0000 0000 0000 0000 0000 
0131: 0000 0000 0000 0000 0000 0000 0000 0000 0000 0000 
0141: 0000 0000 0000 0000 0000 0000 0000 0000 0000 0000 
0151: 0000 0000 0000 0000 0000 0000 0000 0000 0000 0000 
0161: 0000 0000 0000 0000 0000 0000 0000 0000 0000 0000 
0171: 0000 0000 0000 0000 0000 0000 0000 0000 0000 0000 
0181: 0000 0000 0000 0000 0000 0000 0000 0000 0000 0000 
0191: 0000 0000 0000 0000 0000 0000 0000 0000 0000 0000 
0201: 0000 0000 0000 0000 0000 0000 0000 0000 0000 0000 
0211: 0000 0000 0000 0000 0000 0000 0000 0000 0000 0000 
0221: 0000 0000 0000 0000 0000 0000 0000 0000 0000 0000 
0231: 0000 0000 0000 0000 0000 0000 0000 0000 0000 0000 
0241: 0000 0000 0000 0000 0000 0000 0000 0000 0000 0000 
0251: 0000 0000 0000 0000 0000 0000 

Subframe: 4
WPS: 256
Timestamp: 05/28/1999 12:00:15
Data(Oct):
0001: 6670 0000 0000 0000 0000 0000 0000 0000 0000 0000 
0011: 0000 0000 0000 0000 0000 0000 0000 0000 0000 0000 
0021: 0000 0000 0000 0000 0000 0000 0000 0000 0000 0000 
0031: 0000 0000 0000 0000 0000 0000 0000 0000 0000 0000 
0041: 0000 0000 0000 0000 0000 0000 0000 0000 0000 0000 
0051: 0000 0000 0000 0000 0000 0000 0000 0000 0000 0000 
0061: 0000 0000 0000 0000 0000 0000 0000 0000 0000 0000 
0071: 0000 0000 0000 0000 0000 0000 0000 0000 0000 0000 
0081: 0000 0000 0000 0000 0000 0000 0000 0000 0000 0000 
0091: 0000 0000 0000 0000 0000 0000 0000 0000 0000 0000 
0101: 0000 0000 0000 0000 0000 0000 0000 0000 0000 0000 
0111: 0000 0000 0000 0000 0000 0000 0000 0000 0000 0000 
0121: 0000 0000 0000 0000 0000 0000 0000 0000 0000 0000 
0131: 0000 0000 0000 0000 0000 0000 0000 0000 0000 0000 
0141: 0000 0000 0000 0000 0000 0000 0000 0000 0000 0000 
0151: 0000 0000 0000 0000 0000 0000 0000 0000 0000 0000 
0161: 0000 0000 0000 0000 0000 0000 0000 0000 0000 0000 
0171: 0000 0000 0000 0000 0000 0000 0000 0000 0000 0000 
0181: 0000 0000 0000 0000 0000 0000 0000 0000 0000 0000 
0191: 0000 0000 0000 0000 0000 0000 0000 0000 0000 0000 
0201: 0000 0000 0000 0000 0000 0000 0000 0000 0000 0000 
0211: 0000 0000 0000 0000 0000 0000 0000 0000 0000 0000 
0221: 0000 0000 0000 0000 0000 0000 0000 0000 0000 0000 
0231: 0000 0000 0000 0000 0000 0000 0000 0000 0000 0000 
0241: 0000 0000 0000 0000 0000 0000 0000 0000 0000 0000 
0251: 0000 0000 0000 0000 0000 0000 
